timestamp(unix),attitude_roll(radians),attitude_pitch(radians),attitude_yaw(radians),rotation_rate_x(radians/s),rotation_rate_y(radians/s),rotation_rate_z(radians/s),gravity_x(G),gravity_y(G),gravity_z(G),user_acc_x(G),user_acc_y(G),user_acc_z(G),magnetic_field_x(microteslas),magnetic_field_y(microteslas),magnetic_field_z(microteslas),latitude(degree),longitude(degree),altitude(meter),speed(m/s),course(degree),timestamp(unix),User Mark
,,,,,,,,,,,,,,,,39.779206,-84.064477,292.348114,-1.000000,-1.000000,1530639389.458655,
,,,,,,,,,,,,,,,,39.779206,-84.064477,292.348114,-1.000000,-1.000000,1530639398.458655,
1530639406.418178,0.040051,0.305527,-0.668573,-0.119444,-0.165127,0.022029,0.038186,-0.300796,-0.952924,-0.007363,-0.025880,-0.002780,8.520378,-3.814789,-15.725929,,,,,,,
1530639406.438147,0.037175,0.302804,-0.667916,-0.143623,-0.115484,0.027915,0.035475,-0.298198,-0.953845,-0.008025,-0.024632,-0.003370,8.420879,-3.717484,-15.636131,,,,,,,
1530639406.458115,0.035114,0.299919,-0.666915,-0.144879,-0.080330,0.052912,0.033539,-0.295443,-0.954771,-0.003006,-0.014494,0.005125,8.340321,-3.748291,-15.845741,,,,,,,
,,,,,,,,,,,,,,,,39.779165,-84.064599,292.348114,-1.000000,-1.000000,1530639406.458184,
,,,,,,,,,,,,,,,,39.779165,-84.064599,292.348114,-1.000000,-1.000000,1530639406.462188,
1530639406.478084,0.032864,0.297180,-0.665533,-0.139727,-0.102491,0.064612,0.031417,-0.292825,-0.955650,-0.012359,-0.017310,0.004432,8.307598,-3.616806,-15.622971,,,,,,,
1530639406.498052,0.029855,0.294289,-0.663909,-0.159774,-0.148961,0.080779,0.028568,-0.290060,-0.956582,-0.018558,-0.019083,0.006814,8.376804,-3.667671,-15.376190,,,,,,,
1530639406.518020,0.025682,0.290840,-0.662022,-0.191288,-0.197576,0.088428,0.024601,-0.286757,-0.957687,-0.012669,-0.021624,-0.001877,8.212147,-3.265709,-15.786522,,,,,,,
,,,,,,,,,,,,,,,,39.779164,-84.064599,292.348114,-1.000000,-1.000000,1530639406.512978,
,,,,,,,,,,,,,,,,39.779164,-84.064599,292.348114,-1.000000,-1.000000,1530639406.517369,
1530639406.537988,0.021293,0.286747,-0.660028,-0.222795,-0.192086,0.094184,0.020422,-0.282833,-0.958952,-0.027151,-0.018146,-0.002474,8.133339,-3.422005,-15.791367,,,,,,,
1530639406.557957,0.016618,0.282007,-0.657680,-0.257532,-0.204332,0.110675,0.015960,-0.278284,-0.960366,-0.032333,-0.013616,-0.007179,8.032978,-3.223526,-15.853256,,,,,,,
1530639406.577925,0.012244,0.276447,-0.654877,-0.306020,-0.166989,0.140495,0.011779,-0.272939,-0.961959,-0.038803,-0.013605,0.005965,7.981773,-3.176254,-15.834503,,,,,,,
1530639406.597893,0.008583,0.270159,-0.652159,-0.320588,-0.135972,0.125698,0.008271,-0.266885,-0.963693,-0.067277,-0.014640,0.005380,7.882580,-2.992180,-15.855240,,,,,,,
1530639406.617862,0.005498,0.264463,-0.649320,-0.269342,-0.094150,0.141529,0.005307,-0.261391,-0.965218,-0.037793,-0.027686,-0.001289,7.977802,-3.126770,-16.019470,,,,,,,
1530639406.637830,0.003132,0.260195,-0.645925,-0.186741,-0.068990,0.170972,0.003027,-0.257269,-0.966335,-0.009695,-0.024378,-0.002552,7.971672,-3.196815,-16.060562,,,,,,,
1530639406.657799,0.000966,0.257363,-0.642504,-0.125823,-0.044638,0.158576,0.000934,-0.254532,-0.967064,-0.021793,-0.005783,0.002708,8.027409,-3.365479,-16.294846,,,,,,,
1530639406.677767,-0.000252,0.255182,-0.639271,-0.111125,-0.004880,0.155372,-0.000244,-0.252421,-0.967617,-0.013214,-0.011159,0.002987,7.875248,-3.312477,-16.141251,,,,,,,
1530639406.697736,-0.001003,0.253051,-0.636372,-0.111950,0.017392,0.127447,-0.000972,-0.250359,-0.968153,-0.018712,-0.009590,-0.000033,7.921322,-3.139488,-16.377823,,,,,,,
1530639406.717704,-0.000286,0.250481,-0.634325,-0.148313,0.091667,0.083975,-0.000278,-0.247870,-0.968793,-0.015073,-0.006723,0.016874,7.832817,-3.300865,-16.434235,,,,,,,
1530639406.737673,0.001594,0.247379,-0.633069,-0.155324,0.109614,0.043155,0.001545,-0.244864,-0.969556,-0.014576,-0.003687,-0.000125,8.073154,-3.306290,-16.440430,,,,,,,
1530639406.757641,0.002888,0.244585,-0.632512,-0.136204,0.050194,0.014622,0.002802,-0.242154,-0.970234,-0.007929,-0.009677,-0.016308,8.064991,-2.985359,-16.396484,,,,,,,
1530639406.777610,0.003233,0.242067,-0.632536,-0.126544,0.001800,-0.011602,0.003139,-0.239710,-0.970839,-0.009945,-0.015387,-0.009370,8.099777,-2.921135,-16.235016,,,,,,,
1530639406.797578,0.002574,0.239584,-0.632844,-0.126484,-0.056669,-0.017274,0.002501,-0.237298,-0.971433,-0.002684,-0.016089,-0.016878,7.983063,-2.978485,-16.206993,,,,,,,
,,,,,,,,,,,,,,,,39.779203,-84.064397,292.591949,-1.000000,-1.000000,1530639406.781277,
1530639406.817546,0.000859,0.236957,-0.633328,-0.140010,-0.106258,-0.029234,0.000835,-0.234745,-0.972056,-0.009929,-0.014553,-0.017888,8.083599,-2.724342,-16.398430,,,,,,,
1530639406.837515,-0.001224,0.233697,-0.634118,-0.179741,-0.102832,-0.043895,-0.001191,-0.231576,-0.972816,-0.016601,-0.016822,0.001182,7.940296,-2.720222,-16.569283,,,,,,,
1530639406.857483,-0.002238,0.229851,-0.635309,-0.202657,-0.027613,-0.064861,-0.002179,-0.227833,-0.973698,-0.015827,-0.020092,0.022160,8.062450,-2.728004,-16.778557,,,,,,,
1530639406.877452,-0.001795,0.225449,-0.636597,-0.239462,0.025308,-0.053424,-0.001749,-0.223544,-0.974692,-0.019750,-0.023908,0.028998,7.907539,-2.713585,-16.788147,,,,,,,
1530639406.897420,-0.000550,0.220115,-0.636877,-0.289347,0.073399,0.018520,-0.000537,-0.218342,-0.975872,-0.030866,-0.024059,0.028011,8.104927,-2.606247,-16.633812,,,,,,,
1530639406.917389,-0.000224,0.214149,-0.635288,-0.304750,-0.001184,0.108919,-0.000219,-0.212516,-0.977157,-0.039240,-0.028741,0.001511,8.128006,-2.468018,-16.550713,,,,,,,
1530639406.937357,-0.002846,0.209059,-0.631799,-0.226914,-0.133289,0.212068,-0.002784,-0.207540,-0.978223,-0.020455,-0.033976,-0.024249,7.897285,-2.294815,-16.875114,,,,,,,
1530639406.957326,-0.006847,0.205164,-0.626503,-0.201185,-0.144752,0.272137,-0.006704,-0.203728,-0.979005,-0.008860,-0.032066,-0.004806,7.975693,-2.268539,-16.862968,,,,,,,
1530639406.977294,-0.010923,0.200452,-0.621742,-0.270807,-0.156332,0.194091,-0.010704,-0.199112,-0.979918,-0.030968,-0.024856,0.012786,7.881142,-2.094437,-16.706184,,,,,,,
1530639406.997263,-0.014455,0.194600,-0.619890,-0.309360,-0.151907,0.034901,-0.014181,-0.193374,-0.981022,-0.054224,-0.037033,0.026494,7.837624,-2.119003,-16.786324,,,,,,,
1530639407.017231,-0.017513,0.188841,-0.620560,-0.272978,-0.156823,-0.053943,-0.017201,-0.187721,-0.982072,-0.044445,-0.046853,0.021745,7.757118,-1.962234,-17.042442,,,,,,,
1530639407.037199,-0.019812,0.184546,-0.622008,-0.196291,-0.110361,-0.071798,-0.019474,-0.183500,-0.982827,-0.024822,-0.052034,0.006844,7.984074,-1.865791,-16.997009,,,,,,,
1530639407.057168,-0.020946,0.181156,-0.623832,-0.173059,-0.040673,-0.093277,-0.020602,-0.180167,-0.983420,-0.027112,-0.040338,0.009406,7.952942,-1.835197,-16.760101,,,,,,,
1530639407.077136,-0.020888,0.178288,-0.626063,-0.135095,0.002555,-0.120438,-0.020555,-0.177345,-0.983934,-0.027845,-0.033470,0.001695,7.939301,-1.758614,-17.054764,,,,,,,
1530639407.097105,-0.019839,0.176687,-0.629094,-0.066580,0.060245,-0.165111,-0.019529,-0.175769,-0.984238,-0.028964,-0.038373,0.004364,8.091553,-1.912979,-17.036034,,,,,,,
1530639407.117073,-0.016790,0.175977,-0.632946,-0.043232,0.155427,-0.201571,-0.016530,-0.175070,-0.984417,-0.028347,-0.049616,0.007717,8.136986,-1.760841,-17.123039,,,,,,,
1530639407.137042,-0.012468,0.175268,-0.637307,-0.051491,0.191976,-0.218565,-0.012277,-0.174372,-0.984603,-0.027137,-0.055670,-0.007279,8.111366,-1.488991,-17.063896,,,,,,,
1530639407.157010,-0.007798,0.173930,-0.641629,-0.093550,0.205144,-0.205113,-0.007680,-0.173054,-0.984882,-0.033747,-0.045971,0.012211,8.428997,-1.730339,-16.759636,,,,,,,
1530639407.176979,-0.003133,0.171681,-0.645493,-0.130455,0.197255,-0.179947,-0.003087,-0.170839,-0.985294,-0.044627,-0.050719,0.019840,8.434242,-1.258865,-16.796509,,,,,,,
1530639407.196947,0.000357,0.169573,-0.648592,-0.094101,0.126284,-0.135379,0.000351,-0.168762,-0.985657,-0.045395,-0.070191,-0.004089,8.528030,-1.313843,-17.009171,,,,,,,
1530639407.216916,0.002178,0.168827,-0.650944,-0.015667,0.058725,-0.107425,0.002147,-0.168026,-0.985780,-0.035472,-0.072773,-0.009383,8.620255,-1.382378,-16.829384,,,,,,,
1530639407.236884,0.003692,0.168970,-0.653053,0.003207,0.073071,-0.107557,0.003640,-0.168167,-0.985752,-0.028664,-0.060241,0.012821,8.736794,-1.439011,-16.835205,,,,,,,
1530639407.256853,0.005304,0.168986,-0.655564,-0.016459,0.055630,-0.138707,0.005228,-0.168183,-0.985742,-0.025797,-0.065750,0.000726,8.901917,-1.271782,-16.851746,,,,,,,
1530639407.276821,0.006460,0.167974,-0.658725,-0.093832,0.030455,-0.166045,0.006369,-0.167185,-0.985905,-0.030753,-0.070333,-0.000240,8.964573,-1.231178,-16.614006,,,,,,,
1530639407.296790,0.006566,0.164522,-0.662126,-0.239513,-0.042297,-0.174550,0.006477,-0.163781,-0.986475,-0.039863,-0.076270,-0.002218,8.850952,-0.980110,-16.753120,,,,,,,
1530639407.316758,0.005392,0.158741,-0.665815,-0.310626,-0.112771,-0.196779,0.005324,-0.158075,-0.987413,-0.056045,-0.070837,-0.014373,8.985664,-0.894196,-16.793968,,,,,,,
1530639407.336727,0.002784,0.153486,-0.670197,-0.240076,-0.194252,-0.230281,0.002751,-0.152884,-0.988240,-0.062901,-0.073389,-0.046153,8.891685,-0.551140,-16.781113,,,,,,,
1530639407.356695,-0.001540,0.149423,-0.675177,-0.201049,-0.280193,-0.255916,-0.001522,-0.148868,-0.988856,-0.073429,-0.072888,-0.044744,8.949085,-0.634537,-16.934891,,,,,,,
1530639407.376663,-0.005892,0.145468,-0.680473,-0.215656,-0.226025,-0.266282,-0.005830,-0.144956,-0.989421,-0.087691,-0.065325,-0.017949,8.924217,-0.491837,-16.642456,,,,,,,
1530639407.396632,-0.007886,0.141332,-0.686068,-0.216577,-0.074651,-0.286041,-0.007808,-0.140862,-0.989998,-0.100545,-0.051383,0.022881,8.869442,-0.303596,-17.174042,,,,,,,
1530639407.416601,-0.007301,0.137765,-0.692085,-0.164037,0.013750,-0.301274,-0.007231,-0.137329,-0.990499,-0.112153,-0.046432,0.030599,8.851032,-0.217415,-17.076782,,,,,,,
1530639407.436569,-0.006117,0.136289,-0.697982,-0.026795,0.033466,-0.285383,-0.006061,-0.135867,-0.990708,-0.111417,-0.049527,0.036470,8.941414,-0.095940,-17.156204,,,,,,,
1530639407.456537,-0.003984,0.137827,-0.703519,0.122029,0.116152,-0.276864,-0.003947,-0.137391,-0.990509,-0.100286,-0.063796,0.062561,9.094032,0.032173,-17.003288,,,,,,,
1530639407.476506,0.000392,0.142219,-0.709492,0.257584,0.247733,-0.314348,0.000388,-0.141740,-0.989904,-0.075644,-0.078551,0.085683,9.127605,0.300804,-16.962509,,,,,,,
1530639407.496474,0.006256,0.147041,-0.717722,0.176109,0.185988,-0.480950,0.006188,-0.146512,-0.989190,-0.022973,-0.082752,0.085350,9.368408,0.177711,-16.967880,,,,,,,
1530639407.516444,0.008258,0.148027,-0.729136,-0.008491,-0.033913,-0.599756,0.008168,-0.147487,-0.989030,0.000728,-0.099888,0.027742,9.515583,0.351585,-16.896339,,,,,,,
1530639407.536412,0.008320,0.147431,-0.741083,-0.030689,-0.103615,-0.576123,0.008229,-0.146897,-0.989117,-0.032292,-0.083190,0.008679,9.632969,0.429268,-16.711357,,,,,,,
1530639407.556381,0.006589,0.147252,-0.751810,-0.007130,-0.185801,-0.505593,0.006518,-0.146721,-0.989156,-0.032961,-0.069359,-0.017557,9.578285,0.457436,-16.983162,,,,,,,
1530639407.576349,0.003104,0.147152,-0.760518,-0.007042,-0.279362,-0.385249,0.003070,-0.146621,-0.989188,-0.003696,-0.046128,-0.020196,9.493130,0.689331,-16.781105,,,,,,,
1530639407.596318,-0.003560,0.148601,-0.767337,0.094116,-0.460946,-0.311705,-0.003521,-0.148055,-0.988973,0.007427,-0.071107,-0.069697,9.588646,0.776863,-17.144836,,,,,,,
1530639407.616286,-0.014444,0.151810,-0.772703,0.174342,-0.645800,-0.243350,-0.014277,-0.151228,-0.988396,0.016368,-0.088686,-0.091087,9.295937,0.863792,-17.245384,,,,,,,
1530639407.636255,-0.026606,0.156438,-0.776884,0.242068,-0.597612,-0.190994,-0.026278,-0.155801,-0.987439,-0.000608,-0.047431,-0.063892,9.148964,1.002449,-17.295189,,,,,,,
1530639407.656223,-0.034782,0.161209,-0.780227,0.208319,-0.328361,-0.174239,-0.034324,-0.160512,-0.986437,0.006934,-0.031169,0.002947,9.047302,1.100555,-17.365784,,,,,,,
1530639407.676192,-0.037970,0.164543,-0.783968,0.123535,-0.139397,-0.198308,-0.037448,-0.163801,-0.985782,0.033283,-0.019243,0.031742,8.999115,1.164032,-17.549728,,,,,,,
1530639407.696160,-0.039776,0.166109,-0.787904,0.037519,-0.127247,-0.195171,-0.039218,-0.165346,-0.985455,0.063296,0.004046,0.004834,8.994389,1.398026,-17.197899,,,,,,,
1530639407.716129,-0.042062,0.166155,-0.791995,-0.036829,-0.164671,-0.207504,-0.041471,-0.165391,-0.985356,0.063596,0.020249,-0.069042,8.745483,1.657585,-17.287025,,,,,,,
1530639407.736097,-0.044309,0.165040,-0.796480,-0.071361,-0.123744,-0.217726,-0.043692,-0.164292,-0.985443,0.084510,0.056962,-0.140152,8.903591,1.600830,-17.571365,,,,,,,
1530639407.756066,-0.043553,0.164567,-0.800533,-0.001404,0.108941,-0.186069,-0.042951,-0.163826,-0.985554,0.097837,0.072593,-0.158932,9.057854,1.508934,-17.743805,,,,,,,
1530639407.776034,-0.038105,0.165934,-0.803865,0.100097,0.294211,-0.163604,-0.037572,-0.165173,-0.985548,0.096944,0.053281,-0.137559,9.292046,1.713371,-17.573898,,,,,,,
1530639407.796003,-0.031446,0.168406,-0.806959,0.105189,0.294082,-0.145332,-0.030996,-0.167611,-0.985366,0.096853,0.023415,-0.079560,9.280708,1.619019,-17.493637,,,,,,,
1530639407.815971,-0.027536,0.168703,-0.809246,-0.054515,0.085198,-0.102575,-0.027142,-0.167904,-0.985430,0.096569,0.017696,-0.043135,9.243618,1.841606,-17.447060,,,,,,,
1530639407.835940,-0.028217,0.165733,-0.810306,-0.197864,-0.099762,-0.008104,-0.027826,-0.164975,-0.985905,0.107965,-0.002521,-0.045650,9.249290,1.851402,-17.548439,,,,,,,
1530639407.855908,-0.031581,0.161134,-0.809894,-0.232855,-0.193926,0.041425,-0.031167,-0.160437,-0.986554,0.060036,0.018119,-0.036350,9.224960,2.227333,-17.542084,,,,,,,
1530639407.875877,-0.035800,0.157416,-0.808904,-0.141727,-0.203981,0.054423,-0.035350,-0.156766,-0.987003,0.054377,0.032010,-0.023968,9.141994,2.266655,-17.732422,,,,,,,
1530639407.895845,-0.039637,0.156134,-0.808013,-0.009635,-0.205163,0.059483,-0.039144,-0.155501,-0.987060,0.026952,0.027357,0.024993,9.093449,2.402390,-17.890549,,,,,,,
1530639407.915814,-0.043388,0.157318,-0.806925,0.081918,-0.146405,0.018885,-0.042839,-0.156670,-0.986722,0.000496,0.023827,0.100415,8.960400,2.576828,-17.936134,,,,,,,
1530639407.935782,-0.044291,0.158327,-0.807777,0.029140,-0.023234,-0.070554,-0.043723,-0.157667,-0.986524,0.027853,0.001920,0.163297,9.013386,2.348137,-18.043968,,,,,,,
1530639407.955751,-0.043191,0.158437,-0.810545,-0.014039,0.057009,-0.178637,-0.042637,-0.157775,-0.986554,0.034611,0.011855,0.174237,9.036640,2.704559,-18.051788,,,,,,,
1530639407.975720,-0.039878,0.157706,-0.815595,-0.066650,0.174802,-0.288598,-0.039373,-0.157053,-0.986805,0.045369,-0.002035,0.174808,9.116123,2.749275,-18.006660,,,,,,,
1530639407.995688,-0.033897,0.156083,-0.822829,-0.108795,0.279324,-0.395497,-0.033479,-0.155450,-0.987276,0.049867,0.001062,0.153368,9.154465,2.776604,-17.870384,,,,,,,
1530639408.015657,-0.026140,0.153860,-0.832011,-0.126965,0.332926,-0.483486,-0.025828,-0.153254,-0.987849,0.053980,-0.010808,0.136851,9.286194,3.332581,-17.723015,,,,,,,
1530639408.035625,-0.018608,0.151893,-0.842945,-0.094823,0.251790,-0.565106,-0.018393,-0.151309,-0.988315,0.046897,-0.009930,0.104480,9.402992,3.312164,-17.837578,,,,,,,
1530639408.055594,-0.013668,0.151068,-0.855446,-0.021754,0.098899,-0.648591,-0.013511,-0.150494,-0.988518,0.046226,-0.007220,0.063607,9.644623,3.536514,-17.750908,,,,,,,
1530639408.075562,-0.010824,0.151583,-0.869613,0.039762,0.015556,-0.731616,-0.010700,-0.151003,-0.988475,0.041553,-0.009306,0.060955,9.487595,4.072868,-17.593842,,,,,,,
1530639408.095531,-0.008158,0.152773,-0.885328,0.057149,0.019378,-0.806198,-0.008063,-0.152179,-0.988320,0.031730,-0.008236,0.043725,9.555012,4.025169,-17.734673,,,,,,,
1530639408.115499,-0.004717,0.154032,-0.902534,0.053515,0.052980,-0.876105,-0.004661,-0.153423,-0.988149,0.024268,-0.006458,0.001791,9.658966,4.604408,-17.658730,,,,,,,
1530639408.135468,-0.001585,0.154947,-0.920511,0.039996,-0.024207,-0.888199,-0.001566,-0.154327,-0.988018,0.030649,-0.004578,-0.049060,9.647556,4.614525,-17.428078,,,,,,,
1530639408.155436,-0.001268,0.156104,-0.938204,0.071322,-0.182219,-0.867724,-0.001253,-0.155471,-0.987840,0.022966,-0.011292,-0.098922,9.592438,4.920151,-17.578224,,,,,,,
1530639408.175405,-0.002960,0.158033,-0.955663,0.101683,-0.217603,-0.860667,-0.002923,-0.157376,-0.987534,-0.000571,0.003232,-0.064437,9.551571,5.144699,-17.583954,,,,,,,
1530639408.195373,-0.004439,0.159378,-0.973013,0.008235,-0.241961,-0.845769,-0.004383,-0.158705,-0.987316,-0.018490,0.009580,-0.004185,9.224506,5.530579,-17.376282,,,,,,,
1530639408.215342,-0.010807,0.156138,-0.987720,-0.275603,-0.562440,-0.623188,-0.010676,-0.155504,-0.987778,0.023508,-0.022963,-0.139267,8.996128,5.825363,-17.587029,,,,,,,
1530639408.235310,-0.022130,0.150119,-0.998439,-0.269278,-0.614092,-0.497317,-0.021879,-0.149556,-0.988511,-0.028093,0.039754,-0.419051,8.834606,6.053490,-17.579132,,,,,,,
1530639408.255279,-0.026213,0.149169,-1.009560,0.077565,-0.061487,-0.607282,-0.025919,-0.148616,-0.988555,-0.044042,0.139842,-0.488572,8.673985,6.469925,-17.537651,,,,,,,
1530639408.275247,-0.018804,0.154321,-1.022357,0.295726,0.432011,-0.624488,-0.018580,-0.153709,-0.987941,0.015238,0.124290,-0.330265,8.498871,6.542168,-17.606636,,,,,,,
1530639408.295216,-0.006891,0.159665,-1.034494,0.211603,0.485944,-0.597444,-0.006804,-0.158987,-0.987257,-0.007616,0.110190,-0.065019,8.655632,6.870255,-17.499519,,,,,,,
1530639408.315184,0.001323,0.161284,-1.046539,-0.001267,0.193432,-0.591191,0.001306,-0.160585,-0.987021,-0.041711,0.043200,0.084952,8.694729,6.892792,-17.603111,,,,,,,
1530639408.335153,0.002510,0.159360,-1.058288,-0.134540,-0.162125,-0.570991,0.002478,-0.158686,-0.987326,-0.028219,0.058085,0.116003,8.707733,6.908012,-17.594200,,,,,,,
1530639408.355121,-0.002194,0.155971,-1.068481,-0.183721,-0.399186,-0.449744,-0.002168,-0.155339,-0.987859,-0.007095,0.114339,0.098134,8.573971,7.104645,-17.641388,,,,,,,
1530639408.375090,-0.011006,0.152771,-1.075026,-0.133955,-0.518716,-0.248085,-0.010878,-0.152177,-0.988293,-0.009614,0.133561,0.045087,8.228474,7.485687,-17.574097,,,,,,,
1530639408.395058,-0.019429,0.152051,-1.078274,0.019146,-0.370604,-0.122820,-0.019204,-0.151466,-0.988276,-0.045860,0.122215,0.019968,8.044670,7.700676,-17.847275,,,,,,,
1530639408.415027,-0.023430,0.154132,-1.080243,0.147926,-0.119086,-0.103561,-0.023150,-0.153523,-0.987874,-0.055418,0.101338,0.005345,8.011284,7.752533,-17.893463,,,,,,,
1530639408.434995,-0.022750,0.158231,-1.083101,0.239702,0.070147,-0.174811,-0.022464,-0.157572,-0.987252,-0.044599,0.093668,0.002236,8.029446,7.505753,-17.898407,,,,,,,
1530639408.454964,-0.020397,0.164264,-1.086938,0.346901,0.075833,-0.203971,-0.020121,-0.163526,-0.986334,-0.008535,0.089780,-0.028147,7.956150,7.523689,-17.974449,,,,,,,
1530639408.474933,-0.019709,0.171926,-1.091039,0.408836,-0.051107,-0.208475,-0.019417,-0.171080,-0.985066,0.015724,0.094557,-0.044750,7.945984,7.379639,-18.043869,,,,,,,
1530639408.494901,-0.021221,0.179625,-1.094521,0.362304,-0.126502,-0.158731,-0.020878,-0.178661,-0.983689,0.017216,0.089290,-0.011214,7.908989,7.328949,-18.093880,,,,,,,
1530639408.514870,-0.023814,0.184125,-1.096409,0.154965,-0.139219,-0.065986,-0.023409,-0.183087,-0.982818,0.045718,0.072247,0.067001,8.001373,7.144989,-18.132462,,,,,,,
1530639408.534838,-0.026317,0.184174,-1.097190,-0.063497,-0.122873,-0.024753,-0.025869,-0.183135,-0.982747,0.043920,0.080245,0.095617,7.737766,7.359833,-18.287300,,,,,,,
1530639408.554807,-0.028697,0.180633,-1.097156,-0.218036,-0.115420,0.022226,-0.028226,-0.179653,-0.983325,0.054975,0.096050,0.082919,7.628544,7.647064,-18.098923,,,,,,,
1530639408.574775,-0.030753,0.175300,-1.096516,-0.267518,-0.090175,0.045525,-0.030277,-0.174404,-0.984209,0.053883,0.110271,0.040803,7.488495,7.671440,-18.058372,,,,,,,
1530639408.594744,-0.031948,0.170017,-1.095842,-0.248581,-0.040446,0.036938,-0.031482,-0.169200,-0.985079,0.056903,0.116877,0.011278,7.581688,7.885361,-18.040039,,,,,,,
1530639408.614712,-0.032248,0.165289,-1.095560,-0.221120,-0.007165,0.011998,-0.031803,-0.164538,-0.985858,0.052677,0.117785,0.002185,7.622093,7.957199,-17.929047,,,,,,,
1530639408.634681,-0.031825,0.161468,-1.095753,-0.165379,0.032703,-0.008897,-0.031406,-0.160768,-0.986492,0.035968,0.113862,-0.007679,7.513206,7.930321,-17.960670,,,,,,,
1530639408.654649,-0.030655,0.158918,-1.095981,-0.094151,0.069045,0.000226,-0.030264,-0.158250,-0.986935,0.025503,0.104554,-0.023593,7.604549,7.924622,-17.949310,,,,,,,
1530639408.674618,-0.028693,0.158023,-1.095308,0.004986,0.112765,0.058699,-0.028332,-0.157366,-0.987134,0.010769,0.079104,-0.024890,7.668011,7.960037,-17.975983,,,,,,,
1530639408.694587,-0.026242,0.159222,-1.093021,0.111258,0.149681,0.142952,-0.025907,-0.158550,-0.987011,-0.002993,0.052639,-0.026814,7.771103,7.806801,-18.125145,,,,,,,
1530639408.714556,-0.023079,0.161905,-1.089323,0.172657,0.193425,0.199667,-0.022775,-0.161198,-0.986659,-0.030662,0.026921,-0.042287,7.799187,7.761299,-18.307915,,,,,,,
1530639408.734524,-0.020450,0.164972,-1.084435,0.172165,0.151053,0.260941,-0.020171,-0.164225,-0.986217,-0.026536,0.010584,-0.053807,7.893284,7.693466,-18.231041,,,,,,,
1530639408.754493,-0.018284,0.167414,-1.078514,0.116260,0.166253,0.300436,-0.018027,-0.166634,-0.985854,-0.022027,-0.000740,-0.026109,7.856995,7.788025,-18.109451,,,,,,,
1530639408.774462,-0.016017,0.168204,-1.072263,0.011309,0.157381,0.311222,-0.015790,-0.167412,-0.985761,-0.024493,-0.006355,0.000195,8.159374,7.592194,-18.179901,,,,,,,
1530639408.794430,-0.014733,0.166640,-1.066299,-0.117406,0.086989,0.279900,-0.014529,-0.165870,-0.986040,-0.031202,-0.014565,0.009600,8.191494,7.666901,-18.092163,,,,,,,
1530639408.814399,-0.014884,0.163082,-1.061351,-0.188227,0.005723,0.222024,-0.014686,-0.162360,-0.986622,-0.039300,-0.011514,-0.025448,8.191116,7.558556,-18.219887,,,,,,,
1530639408.834366,-0.016052,0.159520,-1.057654,-0.155250,-0.038053,0.165373,-0.015847,-0.158844,-0.987176,-0.033393,0.002487,-0.046332,8.197582,7.579163,-18.155632,,,,,,,
1530639408.854336,-0.017201,0.157613,-1.054815,-0.053234,-0.022378,0.128771,-0.016987,-0.156961,-0.987459,-0.028256,0.010508,-0.041167,8.154366,7.581001,-18.136772,,,,,,,
1530639408.874303,-0.017820,0.158012,-1.052482,0.059128,-0.005722,0.109318,-0.017597,-0.157355,-0.987385,-0.020153,0.016303,-0.018673,8.099663,7.621231,-18.095825,,,,,,,
1530639408.894272,-0.018426,0.160324,-1.050360,0.143116,-0.008980,0.097621,-0.018189,-0.159638,-0.987008,-0.010620,0.022187,0.008034,8.197659,7.543869,-18.163048,,,,,,,
1530639408.914240,-0.019229,0.163622,-1.048493,0.171562,-0.029857,0.082120,-0.018971,-0.162893,-0.986461,-0.000942,0.025396,0.030880,8.107750,7.584999,-17.904213,,,,,,,
1530639408.934209,-0.020546,0.166740,-1.047010,0.147605,-0.061729,0.062804,-0.020260,-0.165969,-0.985923,0.003353,0.027144,0.037925,8.405933,7.105942,-17.837776,,,,,,,
1530639408.954177,-0.022217,0.168910,-1.045797,0.092096,-0.076006,0.054701,-0.021899,-0.168108,-0.985525,0.009631,0.034884,0.034369,8.091190,7.294373,-18.004272,,,,,,,
1530639408.974146,-0.023656,0.170090,-1.045058,0.051505,-0.056961,0.016397,-0.023312,-0.169271,-0.985294,0.009564,0.031316,0.005405,8.038395,7.462082,-18.077950,,,,,,,
1530639408.994114,-0.024523,0.170530,-1.045210,0.010917,-0.041228,-0.021919,-0.024165,-0.169704,-0.985199,0.009318,0.029568,-0.018052,8.095367,7.279411,-18.177917,,,,,,,
1530639409.014083,-0.024807,0.170469,-1.046189,-0.005511,-0.008905,-0.065809,-0.024445,-0.169645,-0.985202,0.003144,0.027586,-0.030698,8.149025,7.222168,-17.884796,,,,,,,
1530639409.034051,-0.024153,0.170166,-1.048027,-0.014632,0.026697,-0.105444,-0.023802,-0.169346,-0.985269,0.000532,0.023716,-0.025931,8.152794,7.296516,-18.044312,,,,,,,
1530639409.054020,-0.022782,0.169934,-1.050681,-0.006999,0.049027,-0.142090,-0.022452,-0.169118,-0.985340,-0.004647,0.018575,-0.010037,8.183945,7.483292,-18.234337,,,,,,,
1530639409.073989,-0.021584,0.169746,-1.053781,-0.010021,0.017112,-0.156228,-0.021272,-0.168932,-0.985398,-0.004759,0.014284,0.010239,8.100288,7.431000,-18.403503,,,,,,,
1530639409.093957,-0.020821,0.169220,-1.056982,-0.037287,0.010496,-0.155969,-0.020522,-0.168414,-0.985503,-0.008836,0.006762,0.030241,8.056885,7.586731,-18.266541,,,,,,,
1530639409.113926,-0.020333,0.168104,-1.059963,-0.061546,-0.008384,-0.138549,-0.020045,-0.167314,-0.985700,-0.008672,0.009828,0.031812,8.183910,7.667259,-18.212715,,,,,,,
1530639409.133894,-0.020128,0.166933,-1.062462,-0.053330,-0.006327,-0.117051,-0.019847,-0.166159,-0.985899,-0.009313,0.010916,0.017225,8.015636,7.669891,-18.364723,,,,,,,
1530639409.153863,-0.019650,0.166241,-1.064637,-0.026184,0.020062,-0.103195,-0.019378,-0.165476,-0.986023,0.000732,0.014460,0.004135,8.041172,7.693306,-18.349327,,,,,,,
1530639409.173831,-0.018412,0.165953,-1.066568,-0.011618,0.063020,-0.090201,-0.018158,-0.165193,-0.986094,0.008728,0.011140,0.000102,7.977898,7.576759,-18.389214,,,,,,,
1530639409.193800,-0.016469,0.165843,-1.068126,-0.004417,0.094919,-0.073948,-0.016242,-0.165083,-0.986146,0.014350,0.006529,-0.005264,8.030357,7.725296,-18.277100,,,,,,,
1530639409.213768,-0.014697,0.165649,-1.069417,-0.009785,0.068315,-0.057838,-0.014495,-0.164892,-0.986205,0.023452,0.003042,-0.019242,7.997959,7.707085,-18.458000,,,,,,,
1530639409.233737,-0.013820,0.165584,-1.070387,0.002660,0.022926,-0.039859,-0.013631,-0.164829,-0.986228,0.028493,0.000339,-0.037027,8.122818,7.789261,-18.404953,,,,,,,
1530639409.253706,-0.013467,0.165701,-1.070862,0.007681,0.008381,-0.011937,-0.013282,-0.164944,-0.986213,0.027244,-0.001728,-0.032997,8.155773,7.667542,-18.331841,,,,,,,
1530639409.273674,-0.013362,0.165722,-1.070818,-0.001908,0.004945,0.006480,-0.013179,-0.164964,-0.986211,0.029231,-0.002989,-0.013468,7.965595,7.815056,-18.038383,,,,,,,
1530639409.293643,-0.013441,0.165658,-1.070529,-0.000969,-0.013919,0.020400,-0.013256,-0.164902,-0.986221,0.031506,-0.004410,0.001998,8.126366,7.756729,-18.194084,,,,,,,
1530639409.313612,-0.014169,0.165681,-1.070018,0.002148,-0.051481,0.024493,-0.013974,-0.164924,-0.986207,0.023236,-0.009133,0.016877,8.081329,7.663307,-18.286789,,,,,,,
1530639409.333580,-0.015537,0.165634,-1.069576,-0.003042,-0.075728,0.019048,-0.015324,-0.164878,-0.986195,0.023716,-0.006966,0.016636,8.113293,7.703941,-18.395515,,,,,,,
1530639409.353549,-0.017066,0.165324,-1.069379,-0.023913,-0.081153,0.006295,-0.016833,-0.164572,-0.986221,0.023577,-0.000956,0.009628,8.042953,7.697815,-18.425072,,,,,,,
1530639409.373518,-0.018412,0.164786,-1.069458,-0.024832,-0.065586,-0.009793,-0.018162,-0.164041,-0.986286,0.018787,0.002710,-0.013485,8.101833,7.615387,-18.386620,,,,,,,
1530639409.393486,-0.019101,0.164374,-1.069929,-0.022596,-0.026824,-0.027969,-0.018842,-0.163635,-0.986341,0.014738,0.007537,-0.024096,8.001896,7.696136,-18.175171,,,,,,,
1530639409.413455,-0.018879,0.164026,-1.070678,-0.018304,0.015212,-0.040752,-0.018624,-0.163291,-0.986402,0.013573,0.007530,-0.020403,8.003910,7.416832,-18.380257,,,,,,,
1530639409.433422,-0.017938,0.163830,-1.071689,-0.009819,0.046208,-0.053640,-0.017697,-0.163098,-0.986451,0.012860,0.005429,-0.014632,7.978710,7.759392,-18.066383,,,,,,,
1530639409.453391,-0.016613,0.163574,-1.072827,-0.015054,0.058359,-0.054598,-0.016391,-0.162845,-0.986515,0.015109,0.004444,-0.004696,8.215733,7.613098,-18.318687,,,,,,,
1530639409.473361,-0.015265,0.163363,-1.073866,-0.007774,0.053890,-0.047150,-0.015061,-0.162637,-0.986571,0.016526,0.002755,-0.004762,8.084480,7.745888,-18.382248,,,,,,,
1530639409.493328,-0.014169,0.163216,-1.074551,-0.004820,0.042686,-0.023511,-0.013980,-0.162492,-0.986611,0.020892,0.000367,-0.003044,8.174534,7.743874,-18.220039,,,,,,,
1530639409.513298,-0.013452,0.163361,-1.074694,0.015956,0.030366,0.001014,-0.013273,-0.162635,-0.986597,0.022367,-0.000588,-0.010672,8.213036,7.576462,-18.309250,,,,,,,
1530639409.533266,-0.012960,0.163746,-1.074391,0.018940,0.019185,0.021426,-0.012786,-0.163015,-0.986541,0.021728,0.000173,-0.012483,8.245129,7.333229,-18.259926,,,,,,,
1530639409.553235,-0.012780,0.163956,-1.073840,0.006296,0.004786,0.029038,-0.012608,-0.163222,-0.986509,0.021351,-0.001191,-0.012545,8.170654,7.328476,-18.316528,,,,,,,
1530639409.573203,-0.012860,0.163779,-1.073327,-0.014634,-0.005107,0.023818,-0.012687,-0.163047,-0.986537,0.016349,0.000251,-0.017354,8.217926,7.440498,-18.183487,,,,,,,
1530639409.593172,-0.012828,0.163277,-1.072903,-0.031390,0.004855,0.020809,-0.012657,-0.162553,-0.986619,0.014549,0.001466,-0.008361,8.066406,7.517715,-18.211060,,,,,,,
1530639409.613141,-0.012802,0.162517,-1.072578,-0.040793,0.000472,0.016574,-0.012633,-0.161803,-0.986742,0.012267,0.000532,-0.005110,8.127556,7.424614,-18.124168,,,,,,,
1530639409.633109,-0.012630,0.161641,-1.072247,-0.045033,0.007059,0.022044,-0.012465,-0.160938,-0.986886,0.010680,0.000217,0.001641,8.188580,7.522713,-18.182381,,,,,,,
1530639409.653078,-0.012441,0.161039,-1.071739,-0.020964,0.011423,0.028282,-0.012280,-0.160344,-0.986985,0.008328,0.000661,0.004029,8.150124,7.361946,-18.278053,,,,,,,
1530639409.673046,-0.012517,0.160902,-1.071022,0.003065,-0.009639,0.039787,-0.012355,-0.160209,-0.987006,0.007411,-0.003305,-0.001123,8.105682,7.502464,-18.159721,,,,,,,
1530639409.693015,-0.012946,0.161157,-1.070218,0.020895,-0.018474,0.039553,-0.012778,-0.160461,-0.986959,0.003836,-0.000245,-0.006067,8.202618,7.520561,-18.428108,,,,,,,
1530639409.712983,-0.013374,0.161666,-1.069439,0.026148,-0.014052,0.038442,-0.013199,-0.160963,-0.986872,0.003495,-0.001650,-0.004415,8.327446,7.491524,-18.371452,,,,,,,
1530639409.732952,-0.013665,0.162100,-1.068736,0.019904,-0.002967,0.032088,-0.013485,-0.161391,-0.986798,-0.001789,-0.003907,-0.006625,8.304165,7.303848,-18.538811,,,,,,,
1530639409.752921,-0.013524,0.162326,-1.068238,0.008478,0.017002,0.018286,-0.013345,-0.161614,-0.986764,-0.005301,-0.003105,0.000191,8.280243,7.308578,-18.601288,,,,,,,
1530639409.772889,-0.013163,0.162442,-1.068016,0.006485,0.019300,0.005377,-0.012989,-0.161729,-0.986750,-0.005657,-0.003448,-0.000112,8.266621,7.472641,-18.519196,,,,,,,
1530639409.792858,-0.013132,0.162853,-1.068094,0.029698,-0.015918,-0.011218,-0.012958,-0.162134,-0.986684,-0.004178,-0.004813,-0.003093,8.226696,7.649651,-18.511360,,,,,,,
1530639409.812825,-0.014000,0.163822,-1.068566,0.060228,-0.067719,-0.024740,-0.013813,-0.163091,-0.986514,-0.002469,-0.002238,-0.004819,8.252087,7.307343,-18.285194,,,,,,,
1530639409.832795,-0.015758,0.165666,-1.069543,0.104667,-0.108253,-0.071778,-0.015542,-0.164910,-0.986186,-0.005775,-0.004753,-0.010335,8.056221,7.658615,-18.513779,,,,,,,
1530639409.852762,-0.018010,0.168125,-1.071402,0.131138,-0.140063,-0.102417,-0.017755,-0.167334,-0.985740,0.007364,0.000174,-0.008477,7.957657,7.454964,-18.465652,,,,,,,
1530639409.872731,-0.023122,0.171935,-1.071898,0.240424,-0.328496,0.003362,-0.022779,-0.171089,-0.984992,0.013807,0.026970,-0.042474,7.922504,7.391052,-18.651924,,,,,,,
1530639409.892701,-0.030551,0.177831,-1.072111,0.302612,-0.387868,-0.034260,-0.030064,-0.176895,-0.983770,-0.010753,-0.023255,-0.031321,7.823135,7.064903,-18.759224,,,,,,,
1530639409.912668,-0.037320,0.182755,-1.072719,0.201937,-0.297302,-0.035983,-0.036690,-0.181739,-0.982662,0.009544,-0.004891,0.021251,7.588303,7.189041,-18.750046,,,,,,,
1530639409.932637,-0.040687,0.184901,-1.073114,0.059175,-0.115200,-0.022798,-0.039982,-0.183850,-0.982141,0.009815,0.010128,0.048806,7.584003,6.980133,-18.709282,,,,,,,
1530639409.952605,-0.041096,0.185254,-1.073315,0.010783,0.027116,-0.007575,-0.040382,-0.184196,-0.982059,0.018699,-0.013863,0.021656,7.553078,6.961327,-18.740150,,,,,,,
1530639409.972574,-0.039963,0.185033,-1.073543,-0.029059,0.054738,-0.009176,-0.039270,-0.183979,-0.982145,0.002191,-0.011440,0.001905,7.577457,6.986038,-18.805099,,,,,,,
1530639409.992543,-0.038929,0.183943,-1.073741,-0.067888,0.045894,-0.005571,-0.038263,-0.182907,-0.982385,0.007928,-0.001907,-0.005591,7.631649,7.378357,-18.652649,,,,,,,
1530639410.012511,-0.037784,0.182499,-1.074079,-0.078253,0.050417,-0.020535,-0.037147,-0.181488,-0.982691,0.007255,0.001678,-0.001562,7.795280,7.317848,-18.537628,,,,,,,
1530639410.032480,-0.036675,0.181039,-1.074878,-0.074912,0.045061,-0.044325,-0.036067,-0.180052,-0.982996,0.007564,-0.002992,0.000543,7.733433,7.041138,-18.511879,,,,,,,
1530639410.052449,-0.035584,0.179806,-1.076105,-0.059032,0.044079,-0.062836,-0.035003,-0.178838,-0.983256,0.004333,0.000249,0.003977,7.711262,7.155151,-18.723900,,,,,,,
1530639410.072417,-0.034903,0.179252,-1.077435,-0.013916,0.007647,-0.064567,-0.034337,-0.178293,-0.983378,0.003987,-0.001745,-0.004705,7.776703,7.305351,-18.650360,,,,,,,
1530639410.092386,-0.034956,0.179674,-1.078797,0.041713,-0.036492,-0.069689,-0.034386,-0.178709,-0.983301,0.003823,-0.004930,-0.014319,7.662766,7.325089,-18.715599,,,,,,,
1530639410.112355,-0.036395,0.181185,-1.080326,0.085883,-0.108166,-0.083449,-0.035791,-0.180195,-0.982979,0.001230,-0.001689,-0.026588,7.684036,7.228416,-18.747795,,,,,,,
1530639410.132324,-0.038108,0.183416,-1.082191,0.136447,-0.089219,-0.111938,-0.037460,-0.182390,-0.982512,0.002579,-0.000166,-0.015275,7.631676,7.316162,-18.822403,,,,,,,
1530639410.152292,-0.039734,0.187248,-1.084781,0.212222,-0.133177,-0.144238,-0.039030,-0.186156,-0.981745,0.002470,0.010360,-0.018927,7.645187,7.118721,-18.738701,,,,,,,
1530639410.172261,-0.041956,0.191354,-1.087933,0.183152,-0.119670,-0.180533,-0.041178,-0.190188,-0.980884,0.013407,-0.008649,-0.011289,7.548100,7.058578,-18.658600,,,,,,,
1530639410.192229,-0.042473,0.194657,-1.091756,0.151812,-0.038959,-0.197063,-0.041658,-0.193430,-0.980229,0.012315,-0.008795,0.013036,7.414478,7.032394,-18.806190,,,,,,,
1530639410.212198,-0.042464,0.198073,-1.095246,0.185170,-0.040243,-0.172620,-0.041621,-0.196781,-0.979564,0.018977,-0.010007,0.000209,7.349380,6.847008,-18.763962,,,,,,,
1530639410.232167,-0.045834,0.202632,-1.097666,0.257030,-0.318924,-0.104625,-0.044880,-0.201248,-0.978511,0.019688,0.023895,-0.031025,7.385925,6.848808,-18.927864,,,,,,,
1530639410.252135,-0.051978,0.208989,-1.100085,0.314070,-0.298718,-0.155828,-0.050824,-0.207471,-0.976920,0.007412,-0.027773,0.000601,7.232311,6.964630,-19.115601,,,,,,,
1530639410.272104,-0.056853,0.213496,-1.103438,0.147495,-0.227863,-0.177437,-0.055532,-0.211877,-0.975717,0.003683,-0.026862,0.021249,7.024403,6.887665,-19.194221,,,,,,,
1530639410.292072,-0.055701,0.212452,-1.106749,-0.128616,0.133004,-0.147946,-0.054420,-0.210857,-0.976001,-0.007881,-0.035221,0.071292,6.963364,6.990479,-19.263145,,,,,,,
1530639410.312041,-0.052036,0.209164,-1.109165,-0.162575,0.144820,-0.098995,-0.050879,-0.207643,-0.976881,-0.014963,-0.036147,-0.024477,7.035652,7.074692,-18.977478,,,,,,,
1530639410.332010,-0.049518,0.207984,-1.111573,0.005441,0.055527,-0.124943,-0.048431,-0.206487,-0.977250,-0.017654,-0.019343,-0.069885,6.915810,7.289528,-18.871391,,,,,,,
1530639410.351978,-0.048778,0.209222,-1.114708,0.047767,-0.004891,-0.169902,-0.047695,-0.207699,-0.977029,-0.018452,-0.011036,-0.012015,7.014843,7.195007,-19.015594,,,,,,,
1530639410.371947,-0.047517,0.209692,-1.118357,-0.023455,0.042683,-0.181857,-0.046458,-0.208158,-0.976991,-0.021520,-0.008517,0.057329,7.140930,7.188316,-19.004280,,,,,,,
1530639410.391915,-0.046100,0.208807,-1.122179,-0.069525,0.020677,-0.190101,-0.045083,-0.207293,-0.977239,-0.012733,-0.024366,0.048208,7.031731,7.264938,-19.088203,,,,,,,
1530639410.411884,-0.045591,0.208057,-1.126041,-0.019207,-0.037871,-0.186608,-0.044592,-0.206559,-0.977417,-0.007394,-0.031890,0.023377,7.089863,7.312279,-19.048767,,,,,,,
1530639410.431853,-0.046472,0.208707,-1.129959,0.035444,-0.108451,-0.199392,-0.045448,-0.207195,-0.977243,-0.009164,-0.024494,0.008035,7.036644,7.317245,-18.821625,,,,,,,
1530639410.451821,-0.047749,0.209487,-1.133864,0.016440,-0.088681,-0.183992,-0.046687,-0.207958,-0.977023,-0.006520,-0.043995,0.015444,7.061909,7.158417,-18.881287,,,,,,,
1530639410.471790,-0.049032,0.209671,-1.137374,-0.011001,-0.108693,-0.162230,-0.047939,-0.208138,-0.976924,-0.015461,-0.047493,-0.002736,6.862293,7.339546,-19.108345,,,,,,,
1530639410.491758,-0.050510,0.209468,-1.140300,-0.029067,-0.103371,-0.132888,-0.049385,-0.207940,-0.976894,-0.003441,-0.037589,0.006252,6.638649,7.431641,-19.103020,,,,,,,
1530639410.511726,-0.052792,0.208740,-1.142828,-0.061747,-0.170856,-0.110216,-0.051622,-0.207227,-0.976930,-0.008834,-0.032946,0.005525,6.576515,7.469254,-18.933411,,,,,,,
1530639410.531695,-0.054893,0.207158,-1.145279,-0.114097,-0.096793,-0.122245,-0.053692,-0.205680,-0.977145,-0.015155,-0.035241,0.008624,6.572216,7.642418,-18.985352,,,,,,,
1530639410.551663,-0.054610,0.204149,-1.147854,-0.192863,0.033418,-0.111067,-0.053450,-0.202734,-0.977774,0.002485,-0.043223,0.030051,6.515125,7.598953,-19.149529,,,,,,,
1530639410.571632,-0.052893,0.200339,-1.150255,-0.195006,0.062089,-0.106599,-0.051811,-0.199002,-0.978628,0.016945,-0.052204,0.006811,6.572559,7.799637,-19.109901,,,,,,,
1530639410.591600,-0.051702,0.197583,-1.152481,-0.119569,0.014529,-0.096842,-0.050673,-0.196300,-0.979234,0.020720,-0.041890,-0.018264,6.748913,7.790024,-18.968163,,,,,,,
1530639410.611569,-0.052602,0.196626,-1.154136,-0.027561,-0.093936,-0.060598,-0.051564,-0.195362,-0.979375,0.012410,-0.017834,-0.030940,6.672932,7.806221,-18.961151,,,,,,,
1530639410.631538,-0.055478,0.197036,-1.154430,0.025310,-0.170654,0.016119,-0.054377,-0.195764,-0.979142,0.003855,-0.001364,-0.009261,6.552711,7.991417,-18.991623,,,,,,,
1530639410.651506,-0.059655,0.197308,-1.152575,-0.007123,-0.193551,0.136070,-0.058463,-0.196031,-0.978853,-0.006158,0.029176,0.032274,6.555916,7.994301,-18.774925,,,,,,,
1530639410.671475,-0.064276,0.195846,-1.148674,-0.112791,-0.218489,0.235224,-0.063004,-0.194596,-0.978858,-0.035492,0.080049,0.086692,6.656696,7.861679,-18.960045,,,,,,,
1530639410.691443,-0.071701,0.192412,-1.142112,-0.162388,-0.367575,0.405439,-0.070317,-0.191227,-0.979024,-0.040401,0.098423,0.109929,6.471138,7.996292,-19.077385,,,,,,,
1530639410.711412,-0.083598,0.188660,-1.131109,-0.099417,-0.607819,0.662454,-0.082019,-0.187543,-0.978826,-0.037961,0.125562,0.136571,6.373905,7.805832,-19.027229,,,,,,,
1530639410.731381,-0.109064,0.188214,-1.114361,0.154696,-1.523597,0.901232,-0.106925,-0.187104,-0.976503,-0.126809,0.202561,0.133379,6.136093,7.657089,-19.163528,,,,,,,
1530639410.751349,-0.160250,0.191810,-1.093074,0.410575,-2.895867,1.063372,-0.156638,-0.190636,-0.969083,-0.162072,0.274513,0.268567,5.387840,7.321381,-19.530441,,,,,,,
1530639410.771318,-0.240250,0.196499,-1.068827,0.452995,-4.252211,1.167466,-0.233366,-0.195237,-0.952587,-0.141451,0.268982,0.432690,3.920425,7.197060,-19.701874,,,,,,,
1530639410.791286,-0.341910,0.195509,-1.042202,0.229500,-5.108818,1.332882,-0.328900,-0.194266,-0.924167,-0.117557,0.323263,0.506213,2.264603,6.721870,-20.091278,,,,,,,
1530639410.811255,-0.452286,0.185160,-1.013986,-0.024268,-5.238586,1.592734,-0.429553,-0.184104,-0.884075,-0.069333,0.389914,0.556331,0.232468,6.415962,-20.316162,,,,,,,
1530639410.831224,-0.555025,0.166500,-0.982560,-0.081841,-4.595248,1.950207,-0.519676,-0.165732,-0.838133,-0.001427,0.451575,0.574156,-1.505938,6.415581,-20.212624,,,,,,,
1530639410.851192,-0.644799,0.137757,-0.947464,-0.284359,-4.061150,2.467242,-0.595343,-0.137322,-0.791648,0.051550,0.542550,0.576087,-2.961735,6.382584,-19.973068,,,,,,,
1530639410.871161,-0.727358,0.093998,-0.907132,-0.482512,-3.776008,3.226773,-0.661962,-0.093859,-0.743635,0.138402,0.647509,0.467222,-4.232689,6.487328,-19.853172,,,,,,,
1530639410.891129,-0.798488,0.037196,-0.862611,-0.519548,-3.160436,3.767244,-0.715805,-0.037187,-0.697306,0.045288,0.771120,0.286967,-5.181654,6.622093,-19.635384,,,,,,,
1530639410.911098,-0.850275,-0.031035,-0.816471,-0.720904,-2.225451,4.260312,-0.751098,0.031030,-0.659457,0.078948,0.776175,0.206653,-5.885061,7.027420,-19.490944,,,,,,,
1530639410.931067,-0.880733,-0.112297,-0.773595,-1.185274,-1.385378,4.602580,-0.766346,0.112061,-0.632574,0.063755,0.660140,0.095205,-5.985729,7.469391,-19.423676,,,,,,,
1530639410.951035,-0.897123,-0.204081,-0.736141,-1.574975,-1.025645,4.801520,-0.765314,0.202667,-0.610913,-0.028540,0.552734,-0.181186,-5.844618,8.246819,-19.126755,,,,,,,
1530639410.971004,-0.910912,-0.299033,-0.698689,-1.392023,-1.309941,4.878014,-0.754999,0.294597,-0.585818,-0.160681,0.426259,-0.620374,-5.772972,9.049324,-19.359619,,,,,,,
1530639410.990972,-0.928579,-0.385755,-0.651203,-0.424784,-1.862208,4.717278,-0.741922,0.376259,-0.554954,-0.370124,0.240105,-1.085381,-5.954781,9.696899,-19.323776,,,,,,,
1530639411.010941,-0.939585,-0.453240,-0.586472,0.792941,-1.824411,4.302185,-0.725798,0.437880,-0.530538,-0.569353,0.016557,-1.230708,-6.364468,9.939758,-19.400543,,,,,,,
1530639411.030910,-0.935139,-0.503046,-0.512404,1.315472,-1.199158,3.735562,-0.704993,0.482097,-0.520154,-0.697183,-0.327952,-1.033282,-6.510347,9.826164,-19.394440,,,,,,,
1530639411.050878,-0.911908,-0.539927,-0.443517,1.213505,-0.141779,2.967366,-0.678193,0.514074,-0.525142,-0.854736,-0.610601,-0.784886,-6.539547,9.453598,-19.881081,,,,,,,
1530639411.070847,-0.873850,-0.563647,-0.388054,1.030906,0.701312,2.062030,-0.648187,0.534272,-0.542585,-0.905081,-0.801240,-0.632738,-6.265619,9.419861,-20.131569,,,,,,,
1530639411.090815,-0.835007,-0.573122,-0.346494,1.055577,0.835189,1.219007,-0.622847,0.542258,-0.563924,-0.834962,-0.916327,-0.550257,-5.891151,8.958298,-20.297150,,,,,,,
1530639411.110784,-0.803606,-0.569483,-0.311699,1.275146,0.450371,0.664761,-0.606252,0.539197,-0.584567,-0.708873,-0.981244,-0.431088,-5.686657,8.928490,-20.502998,,,,,,,
1530639411.130753,-0.788561,-0.554213,-0.283780,1.437584,-0.275135,0.052326,-0.603159,0.526274,-0.599356,-0.652151,-0.939757,-0.171655,-5.590359,7.969421,-20.624718,,,,,,,
1530639411.150721,-0.791984,-0.529281,-0.262875,1.542161,-0.942047,-0.410377,-0.614358,0.504913,-0.606318,-0.546424,-0.872955,0.044795,-5.670704,7.191742,-20.705963,,,,,,,
1530639411.170690,-0.808576,-0.500469,-0.248833,1.338122,-1.263321,-0.714972,-0.634594,0.479837,-0.605838,-0.430515,-0.746103,0.296680,-6.223768,6.635971,-20.546021,,,,,,,
1530639411.190658,-0.831928,-0.472915,-0.243078,0.975707,-1.333721,-0.893720,-0.658093,0.455483,-0.599534,-0.297687,-0.673181,0.465135,-6.653423,6.207077,-20.457901,,,,,,,
1530639411.210627,-0.869652,-0.457445,-0.252609,-0.786566,-2.244258,-0.678715,-0.685539,0.441657,-0.578764,-0.250466,-0.382285,0.839827,-7.440493,6.208107,-19.819046,,,,,,,
1530639411.230596,-0.977646,-0.491042,-0.309519,-3.616779,-4.744276,-0.117008,-0.731205,0.471545,-0.492926,-0.068783,1.192945,1.121909,-9.145132,7.298744,-19.182693,,,,,,,
1530639411.250564,-1.091296,-0.499965,-0.356912,-0.837796,-4.471950,-1.156987,-0.778624,0.479394,-0.404865,-0.004319,0.144980,-0.236934,-10.797976,7.771309,-18.180069,,,,,,,
1530639411.270533,-1.189847,-0.470342,-0.361576,0.955027,-5.118093,-1.350708,-0.827504,0.453191,-0.331427,0.110479,0.253688,-0.030267,-12.628073,7.279800,-17.286316,,,,,,,
1530639411.290501,-1.284212,-0.445875,-0.339588,1.496014,-4.969140,-0.567360,-0.865430,0.431247,-0.255039,0.349332,-0.274540,0.353809,-14.348654,6.938789,-16.019630,,,,,,,
1530639411.310470,-1.344954,-0.429010,-0.306651,1.721820,-3.025480,-0.529119,-0.886279,0.415970,-0.203633,0.073519,-0.755219,0.632344,-15.478142,6.273827,-15.311935,,,,,,,
1530639411.330439,-1.397609,-0.403924,-0.276327,1.601324,-3.606083,-1.170195,-0.905763,0.393030,-0.158454,-0.289931,0.309103,0.183616,-16.466307,5.510483,-14.582100,,,,,,,
1530639411.350407,-1.461112,-0.376209,-0.241339,1.849328,-3.945574,-1.096821,-0.924468,0.367397,-0.101808,-0.103731,0.085621,-0.040358,-17.539642,4.608772,-13.594177,,,,,,,
1530639411.370376,-1.526342,-0.355802,-0.211659,1.129083,-3.485230,-0.745030,-0.936434,0.348342,-0.041656,-0.110289,-0.086654,0.070297,-18.557423,4.029808,-12.380913,,,,,,,
1530639411.390344,-1.569978,-0.344663,-0.211645,-0.343211,-1.292431,-0.416770,-0.941181,0.337880,-0.000771,-0.359280,-0.395329,0.661186,-18.828690,3.746506,-12.052742,,,,,,,
1530639411.410313,-1.579087,-0.338888,-0.226814,-0.970942,0.331380,-0.379599,-0.943085,0.332439,0.007819,-0.382568,-0.339183,0.150781,-18.787373,4.158409,-11.922707,,,,,,,
1530639411.430282,-1.565240,-0.329802,-0.256074,-1.914750,1.838997,-0.286767,-0.946084,0.323856,-0.005257,-0.246543,-0.530277,0.405800,-18.322815,4.249283,-12.540466,,,,,,,
1530639411.450250,-1.549181,-0.319426,-0.300667,-1.664588,1.034086,-0.595300,-0.949186,0.314022,-0.020520,-0.486635,-0.240673,-0.298908,-18.044703,5.001938,-12.958298,,,,,,,
1530639411.470219,-1.545872,-0.295595,-0.322246,-0.508304,-0.134485,-1.676692,-0.956324,0.291309,-0.023841,-0.533361,-0.369297,-0.310052,-17.647615,4.993233,-13.119553,,,,,,,
1530639411.490187,-1.564690,-0.259629,-0.324650,0.032285,-1.433748,-1.709211,-0.966460,0.256722,-0.005901,-0.068483,-0.186303,-0.155567,-17.781288,4.797630,-12.858536,,,,,,,
1530639411.510156,-1.609786,-0.237067,-0.319350,0.540199,-2.668709,-0.822173,-0.971284,0.234853,0.037889,0.276460,0.009150,0.001402,-18.346746,4.816910,-11.934792,,,,,,,
1530639411.530125,-1.655626,-0.228051,-0.292427,1.626588,-2.583427,-0.435373,-0.970598,0.226080,0.082534,0.338106,0.370707,0.226640,-18.890873,4.551071,-11.162376,,,,,,,
1530639411.550093,-1.690979,-0.225422,-0.252398,2.005431,-1.845348,-0.229851,-0.967661,0.223518,0.116859,0.116037,0.265954,0.335228,-19.234203,4.233368,-10.488998,,,,,,,
1530639411.570062,-1.703704,-0.233911,-0.213098,1.817430,-0.705022,0.420445,-0.964180,0.231783,0.128907,0.123513,-0.007540,0.272841,-19.316818,3.944221,-9.978638,,,,,,,
1530639411.590030,-1.705259,-0.248089,-0.185605,1.180303,-0.262353,0.610565,-0.960625,0.245552,0.129952,-0.092201,0.353325,0.172676,-19.384464,4.326721,-10.004761,,,,,,,
1530639411.609999,-1.705869,-0.270120,-0.170718,0.777610,-0.171726,1.252706,-0.954953,0.266847,0.129778,0.180371,0.145980,-0.072649,-19.189342,4.720291,-9.866287,,,,,,,
1530639411.629968,-1.704317,-0.301209,-0.161648,0.540912,-0.093462,1.599651,-0.946471,0.296675,0.127130,-0.070207,0.126848,-0.244134,-19.159191,5.429573,-9.955139,,,,,,,
1530639411.649936,-1.703962,-0.335377,-0.159487,0.162650,0.164390,1.684741,-0.935918,0.329125,0.125374,-0.030040,0.223197,-0.265053,-18.805660,6.093063,-10.029953,,,,,,,
1530639411.669905,-1.693060,-0.366570,-0.168385,-0.429943,1.040947,1.546451,-0.926585,0.358416,0.113855,-0.028493,-0.038652,-0.169901,-18.594238,7.332565,-10.096443,,,,,,,
1530639411.689873,-1.669394,-0.395302,-0.186037,-0.765714,1.825906,1.551664,-0.918390,0.385086,0.090846,0.127802,0.128204,-0.238994,-17.889313,8.196999,-10.767815,,,,,,,
1530639411.709842,-1.631009,-0.428627,-0.208166,-0.926857,2.642833,1.874409,-0.907881,0.415622,0.054732,0.301070,0.240246,-0.220168,-17.070055,9.102493,-11.553848,,,,,,,
1530639411.729811,-1.585037,-0.469885,-0.232235,-1.066408,2.870902,2.264181,-0.891522,0.452784,0.012697,0.417676,0.245412,-0.174302,-15.844196,10.073189,-12.047539,,,,,,,
1530639411.749779,-1.536567,-0.523515,-0.257745,-1.190878,3.245685,2.987770,-0.865552,0.499928,-0.029639,0.402326,0.111400,-0.054971,-14.314257,11.356865,-12.927170,,,,,,,
1530639411.769748,-1.475825,-0.600709,-0.281684,-1.329948,3.947325,4.336477,-0.821210,0.565228,-0.078227,0.302442,-0.114773,0.075785,-12.538774,12.777832,-13.723175,,,,,,,
1530639411.789717,-1.398195,-0.708097,-0.301172,-1.587933,4.805434,5.732505,-0.748307,0.650389,-0.130457,0.119264,-0.302306,0.197245,-9.879456,14.546646,-14.172661,,,,,,,
1530639411.809685,-1.297821,-0.833918,-0.308388,-1.595143,5.492944,6.085336,-0.647091,0.740570,-0.181162,-0.115482,-0.287658,0.152445,-6.593674,16.021599,-14.397690,,,,,,,
1530639411.829654,-1.192905,-0.942204,-0.294278,-1.158522,3.821357,4.665151,-0.546512,0.808856,-0.216949,-0.579724,-0.103167,0.091628,-3.385096,16.831230,-14.403732,,,,,,,
1530639411.849622,-1.132735,-1.013778,-0.278701,-1.000798,1.676278,2.607162,-0.478732,0.848835,-0.224245,-0.739835,0.159527,0.117357,-1.230457,17.648521,-13.946999,,,,,,,
1530639411.869591,-1.135298,-1.046039,-0.302325,-1.406167,0.267853,0.526381,-0.454230,0.865446,-0.211350,-0.618554,0.159350,0.055619,-0.191029,18.313934,-13.542892,,,,,,,
1530639411.889560,-1.215715,-1.057939,-0.360423,-1.589461,-2.643607,-0.200765,-0.460050,0.871346,-0.170586,-0.080248,-0.046868,-0.329521,-0.238983,18.837196,-13.141151,,,,,,,
1530639411.909528,-1.329709,-1.052876,-0.411032,-0.760898,-3.448635,-0.839029,-0.480746,0.868850,-0.118200,0.233813,-0.060837,-0.465952,-0.953655,19.518753,-12.700470,,,,,,,
1530639411.929497,-1.395453,-1.044897,-0.428011,-0.130908,-2.311650,-0.063727,-0.494283,0.864873,-0.087568,0.377751,-0.011540,-0.356051,-1.443834,19.753822,-12.479179,,,,,,,
1530639411.949465,-1.433528,-1.057411,-0.418409,0.297023,-2.273578,0.955414,-0.486498,0.871087,-0.067203,0.362962,-0.051598,-0.246243,-1.512548,19.872772,-12.669716,,,,,,,
1530639411.969434,-1.466230,-1.076391,-0.399843,0.271763,-2.413869,0.970105,-0.471904,0.880251,-0.049526,0.235271,-0.109545,-0.240040,-1.484970,19.947075,-12.858772,,,,,,,
1530639411.989403,-1.474738,-1.094403,-0.384207,0.318937,-0.217830,0.917638,-0.456450,0.888655,-0.043981,-0.107088,-0.290083,0.121557,-1.168371,19.911087,-13.068893,,,,,,,
1530639412.009371,-1.448139,-1.109627,-0.371342,0.094099,1.105279,0.679430,-0.441640,0.895533,-0.054444,-0.314678,-0.180979,-0.050445,-0.403450,19.885719,-13.165909,,,,,,,
1530639412.029340,-1.416683,-1.119461,-0.363071,0.181041,1.049534,0.435571,-0.430985,0.899866,-0.066951,-0.422897,-0.175973,-0.098545,0.449898,20.122147,-13.296455,,,,,,,
1530639412.049309,-1.394409,-1.124039,-0.349252,0.270483,0.230089,0.161036,-0.425327,0.901853,-0.075810,-0.250912,-0.136731,0.100118,1.078392,19.884697,-13.634567,,,,,,,
1530639412.069277,-1.387335,-1.123771,-0.343576,-0.010819,0.025271,-0.059124,-0.425018,0.901737,-0.078861,-0.087571,-0.045612,0.284427,1.419834,19.890732,-14.009071,,,,,,,
1530639412.089246,-1.398114,-1.125717,-0.352879,-0.307817,-0.186382,0.230981,-0.424114,0.902576,-0.073974,-0.056431,-0.036228,0.203887,1.955338,20.043167,-14.060570,,,,,,,
1530639412.109214,-1.413503,-1.139565,-0.364531,-0.361034,-0.330813,0.845612,-0.412817,0.908452,-0.065474,-0.171305,-0.079823,0.050338,2.494934,20.211235,-14.280884,,,,,,,
1530639412.129183,-1.435595,-1.158889,-0.373240,-0.273417,-0.987077,0.919160,-0.396690,0.916359,-0.053962,-0.302987,-0.017494,-0.142815,2.728210,20.522530,-14.461746,,,,,,,
1530639412.149152,-1.466742,-1.175033,-0.376201,-0.101748,-1.685623,0.717675,-0.383413,0.922702,-0.040040,-0.434183,0.087841,-0.232497,3.052410,20.662971,-14.818825,,,,,,,
1530639412.169120,-1.514990,-1.186229,-0.380576,-0.173448,-2.609605,0.402287,-0.374558,0.926961,-0.020925,-0.446136,0.206477,-0.203273,2.828117,20.762527,-15.150284,,,,,,,
1530639412.189089,-1.607475,-1.186306,-0.398527,-0.463520,-4.632958,-0.240702,-0.374819,0.926990,0.013754,-0.397505,0.181943,-0.175283,1.925438,21.002853,-15.753319,,,,,,,
1530639412.209058,-1.753274,-1.176661,-0.432120,-0.750295,-6.338448,-0.395786,-0.377619,0.923329,0.069682,-0.181830,-0.046956,-0.131083,-0.130856,21.597000,-15.996826,,,,,,,
1530639412.229026,-1.909357,-1.169356,-0.458655,-0.713109,-6.797821,-0.057584,-0.368548,0.920499,0.129773,-0.239331,-0.106260,0.088672,-2.198187,21.802170,-16.167488,,,,,,,
1530639412.248995,-2.131169,-1.165222,-0.535225,-1.909336,-8.234328,0.842338,-0.334189,0.918876,0.209693,-0.279291,-0.132850,0.049447,-4.704571,22.648003,-15.736626,,,,,,,
1530639412.268963,-2.451514,-1.155292,-0.672242,-2.539700,-10.545829,1.815057,-0.256952,0.914913,0.311281,-0.248663,-0.114940,-0.081041,-7.465019,24.057587,-14.339737,,,,,,,
1530639412.288932,-2.820133,-1.137816,-0.831217,-2.063634,-11.456502,2.741750,-0.132561,0.907719,0.398068,-0.096733,-0.035207,-0.021054,-9.740385,25.024567,-11.964478,,,,,,,
1530639412.308901,3.140375,-1.132476,-0.953235,0.741518,-8.866705,1.650112,0.000517,0.905466,0.424402,0.043291,-0.086923,-0.051600,-11.456877,26.073708,-9.467262,,,,,,,
1530639412.328869,3.056302,-1.185679,-0.959091,2.960892,-1.247548,-0.518663,0.032001,0.926754,0.374285,-0.034869,0.146595,0.433134,-12.663916,26.391014,-9.398544,,,,,,,
1530639412.348838,3.088745,-1.234170,-0.949800,2.292728,1.599342,-0.311220,0.017446,0.943874,0.329824,0.136713,-0.307781,0.331797,-12.666754,25.655220,-10.976959,,,,,,,
1530639412.368807,3.118746,-1.279386,-0.937529,2.148346,0.279376,-0.190941,0.006563,0.957840,0.287206,0.145262,-0.452850,-0.246724,-12.616993,25.332993,-12.232254,,,,,,,
1530639412.388775,3.087180,-1.307347,-0.958671,0.634692,-0.470006,0.653127,0.014161,0.965497,0.260002,0.306258,0.201251,0.177498,-12.807964,25.120316,-13.325813,,,,,,,
1530639412.408744,2.955011,-1.291761,-1.095540,-0.984004,0.134063,2.772109,0.051088,0.961322,0.270625,0.566344,0.721372,0.380315,-12.297873,25.837494,-13.295647,,,,,,,
1530639412.428712,2.719384,-1.253457,-1.347061,-0.354289,0.315267,4.634270,0.127857,0.950069,0.284619,0.502590,1.036442,-0.525448,-10.410625,26.929207,-13.078468,,,,,,,
1530639412.448681,2.510871,-1.213802,-1.579163,0.460677,0.730097,3.832707,0.206075,0.936951,0.282208,-0.059743,0.804397,-0.626569,-7.236612,27.987434,-13.498062,,,,,,,
1530639412.468650,2.415828,-1.189040,-1.702533,0.357637,1.078473,1.669813,0.247253,0.928012,0.278652,-0.340362,0.304014,-0.385677,-5.903854,28.544823,-13.487305,,,,,,,
1530639412.488618,2.404225,-1.185006,-1.735327,0.227029,0.825718,0.073774,0.252984,0.926501,0.278533,-0.217446,-0.258975,-0.554854,-5.344353,28.954185,-13.656044,,,,,,,
1530639412.508587,2.427216,-1.195061,-1.721360,0.188309,0.245751,-0.822708,0.240398,0.930238,0.277223,-0.062969,-0.579622,-0.680345,-5.435354,29.081566,-13.567772,,,,,,,
1530639412.528556,2.461978,-1.210595,-1.680002,0.077766,-0.393397,-1.139538,0.221509,0.935826,0.274137,0.042621,-0.785267,-0.744352,-6.007143,28.992424,-13.929817,,,,,,,
1530639412.548524,2.490904,-1.223634,-1.637849,0.070927,-0.589961,-0.810389,0.206078,0.940342,0.270695,0.163368,-0.855625,-0.692509,-6.584011,28.921761,-13.862526,,,,,,,
1530639412.568493,2.496952,-1.233201,-1.615892,0.243741,-0.840407,-0.520075,0.199021,0.943554,0.264733,0.020202,-0.782268,-0.681176,-7.144251,28.965927,-13.819763,,,,,,,
1530639412.588462,2.490640,-1.248690,-1.600291,0.612241,-1.166309,-0.821096,0.191809,0.948571,0.251814,-0.230704,-0.613625,-0.677534,-7.926935,29.003448,-14.270996,,,,,,,
1530639412.608430,2.491481,-1.275884,-1.573974,0.980224,-1.192761,-1.323429,0.175914,0.956828,0.231350,-0.306804,-0.433665,-0.577099,-8.890839,28.429283,-14.667465,,,,,,,
1530639412.628399,2.510345,-1.311005,-1.536127,1.090671,-0.547929,-1.509154,0.151584,0.966443,0.207358,-0.213917,-0.175321,-0.333426,-9.900169,27.964523,-14.819389,,,,,,,
1530639412.648367,2.624469,-1.336417,-1.444130,-0.282470,2.952839,-1.799030,0.114802,0.972659,0.201850,-0.257289,0.231489,0.534020,-10.036484,27.442101,-15.642067,,,,,,,
1530639412.668336,3.021487,-1.289342,-1.204811,-5.262024,11.837034,-2.342644,0.033277,0.960653,0.275730,0.017626,1.099498,2.762020,-7.773006,28.517128,-15.676430,,,,,,,
1530639412.688305,-2.925803,-1.246610,-1.113307,-1.365694,7.547776,-0.374025,-0.068201,0.947910,0.311130,1.669534,1.818493,2.573055,-4.867392,29.065033,-15.632607,,,,,,,
1530639412.708273,-2.965426,-1.231815,-1.146768,-0.457082,-3.564986,0.486990,-0.058274,0.943094,0.327361,0.592896,0.766089,-0.278594,-4.979397,29.695717,-15.210617,,,,,,,
1530639412.728242,-3.084575,-1.234132,-1.160856,0.412489,-5.657999,0.124654,-0.018824,0.943862,0.329785,0.217677,0.037248,0.282153,-6.578510,30.318237,-14.586578,,,,,,,
1530639412.748211,3.083775,-1.273265,-1.181270,3.006788,-3.855276,0.476688,0.016939,0.956063,0.292650,0.126310,0.098975,-0.326769,-7.647820,29.956642,-15.273071,,,,,,,
1530639412.768179,2.940352,-1.356933,-1.286531,5.020311,-0.884955,0.906339,0.042418,0.977218,0.207928,0.086641,0.277741,-0.986004,-7.569124,28.493042,-17.432411,,,,,,,
1530639412.788148,2.622781,-1.447355,-1.632525,4.893807,2.251715,1.167643,0.061033,0.992391,0.106891,-0.029585,0.430766,-0.644245,-6.202341,27.079582,-19.781578,,,,,,,
1530639412.808117,2.082864,-1.483872,-2.237166,2.541842,3.237966,0.734795,0.075633,0.996225,0.042512,-0.072398,0.090751,-0.269104,-4.284283,26.020454,-21.415970,,,,,,,
1530639412.828085,1.762996,-1.486589,-2.611901,1.148583,2.300745,0.321272,0.082506,0.996457,0.016056,-0.039476,-0.337140,-0.321323,-2.743742,25.284836,-21.990761,,,,,,,
1530639412.848054,1.548423,-1.479607,-2.858841,1.080748,1.080333,0.568483,0.090990,0.995845,-0.002036,0.062513,-0.595821,-0.376794,-1.650194,25.137032,-22.139702,,,,,,,
1530639412.868023,1.325963,-1.459572,-3.086289,1.392220,-0.340097,0.987567,0.107644,0.993821,-0.026894,-0.029184,-0.655167,-0.381889,-1.171093,24.617867,-22.905212,,,,,,,
1530639412.887991,1.151217,-1.432722,3.043717,1.193352,-1.546714,0.842586,0.125668,0.990483,-0.056057,-0.232373,-0.410695,-0.328465,-1.267248,24.163116,-23.219360,,,,,,,
1530639412.907960,1.043583,-1.417137,2.972754,0.578737,-1.960602,0.221599,0.132248,0.988218,-0.076992,-0.400665,-0.150068,-0.252735,-1.854033,23.827812,-23.461205,,,,,,,
1530639412.927928,0.955518,-1.417841,2.917055,0.241178,-1.302529,-0.580525,0.124396,0.988325,-0.087924,-0.449667,0.016466,-0.242200,-2.628504,23.968536,-23.563881,,,,,,,
1530639412.947897,0.834833,-1.430668,2.796190,0.345240,0.839644,-1.306852,0.103499,0.990198,-0.093741,-0.374541,0.092169,-0.181955,-2.833225,24.135986,-23.321983,,,,,,,
1530639412.967866,0.658929,-1.444244,2.579443,0.612375,2.411143,-1.569597,0.077257,0.992003,-0.099765,-0.287554,0.121477,-0.151578,-2.225096,23.551399,-24.006058,,,,,,,
1530639412.987834,0.427486,-1.444373,2.288075,1.140764,3.132939,-1.570670,0.052260,0.992019,-0.114711,-0.250487,0.126572,-0.133092,-1.438824,23.159615,-24.341919,,,,,,,
1530639413.007803,0.215198,-1.427468,2.004025,1.515677,3.661252,-1.521431,0.030496,0.989746,-0.139517,-0.260415,0.089752,-0.017740,-0.069790,22.578445,-24.877388,,,,,,,
1530639413.027772,0.110467,-1.409411,1.791736,0.528392,7.217698,-1.420415,0.017712,0.987006,-0.159683,-0.263180,0.033075,0.823883,2.268108,22.268402,-24.949623,,,,,,,
1530639413.047740,0.126195,-1.415112,1.620216,-0.253439,9.701701,-1.410881,0.019512,0.987906,-0.153798,-0.075024,0.027048,0.672750,6.595612,22.107300,-23.993477,,,,,,,
1530639413.067709,0.118431,-1.419622,1.430238,0.094214,8.477596,-1.447454,0.017791,0.988595,-0.149520,-0.104980,0.042045,-0.120576,10.505455,22.499748,-22.121254,,,,,,,
1530639413.087678,0.106154,-1.417644,1.268414,0.274414,6.725819,-0.997297,0.016161,0.988295,-0.151672,-0.042467,-0.098143,-0.103439,13.646439,22.774841,-20.248421,,,,,,,
1530639413.107646,0.150402,-1.405401,1.221901,0.952201,2.660295,0.218326,0.024666,0.986353,-0.162762,0.194374,-0.268031,0.509426,15.505650,22.897110,-19.149513,,,,,,,
1530639413.127615,0.210246,-1.384477,1.274329,0.870657,-0.517331,0.780882,0.038656,0.982693,-0.181145,-0.028418,-0.135540,0.017434,16.258080,22.299843,-19.051834,,,,,,,
1530639413.147583,0.252772,-1.365927,1.345137,0.699822,-1.767932,0.928745,0.050874,0.979087,-0.196958,-0.145417,-0.089317,-0.009219,16.204758,22.115150,-19.591591,,,,,,,
1530639413.167552,0.271543,-1.347301,1.410861,0.745337,-2.519484,0.895515,0.059443,0.975129,-0.213503,-0.180415,-0.025895,0.026415,15.769047,21.652733,-20.124886,,,,,,,
1530639413.187521,0.266190,-1.327328,1.461860,0.842693,-2.847794,0.795828,0.063412,0.970508,-0.232567,-0.202969,-0.013034,0.101463,15.055054,21.368446,-21.612419,,,,,,,
1530639413.207489,0.242792,-1.306578,1.497075,0.917579,-2.871957,0.614798,0.062782,0.965297,-0.253484,-0.241615,0.061971,0.159902,14.196945,21.054230,-22.488693,,,,,,,
,,,,,,,,,,,,,,,,39.779227,-84.064353,292.788788,-1.000000,-1.000000,1530639413.189492,
1530639413.227458,0.207326,-1.286704,1.516376,0.891974,-2.508393,0.402201,0.057693,0.959916,-0.274274,-0.289352,0.138167,0.244809,13.397335,20.772446,-23.545044,,,,,,,
1530639413.247427,0.224929,-1.282553,1.537581,-0.367417,1.229464,0.303153,0.063400,0.958745,-0.277098,-0.401001,0.161495,1.547865,13.641098,20.659889,-23.502663,,,,,,,
1530639413.267395,0.275839,-1.292124,1.560892,-0.532571,1.314773,0.106880,0.074916,0.961422,-0.264670,-0.379985,0.218129,0.181692,14.569496,21.169731,-22.816658,,,,,,,
1530639413.287364,0.301676,-1.301995,1.562234,-0.569245,1.395873,-0.284923,0.078905,0.964090,-0.253572,-0.484255,0.257910,0.252473,15.525902,21.642143,-22.100449,,,,,,,
1530639413.307333,0.322961,-1.330769,1.538084,-1.731514,2.733952,-1.046925,0.075446,0.971331,-0.225426,-0.699805,0.510099,0.896096,16.624031,22.960167,-20.728867,,,,,,,
1530639413.327302,0.326289,-1.387668,1.471379,-2.898472,3.663984,-1.866930,0.058365,0.983279,-0.172481,-0.839920,0.567640,1.148708,17.685528,24.911423,-18.334206,,,,,,,
1530639413.347270,0.224950,-1.456998,1.316531,-2.858777,1.599838,-2.054185,0.025322,0.993532,-0.110663,-0.678169,0.576628,0.432654,18.069347,27.163231,-15.796074,,,,,,,
1530639413.367239,-0.261499,-1.510998,0.837672,-2.671185,-1.644402,-2.088009,-0.015434,0.998213,-0.057671,-0.292335,0.521898,-0.046348,17.446682,29.221115,-13.804932,,,,,,,
1530639413.387208,-1.577646,-1.509871,-0.417468,-2.820389,-3.886367,-2.253614,-0.060823,0.998145,0.000417,-0.093275,0.398889,-0.340398,15.707203,31.250076,-12.931885,,,,,,,
1530639413.407176,-2.127576,-1.448932,-0.914189,-2.797967,-5.163487,-2.270792,-0.103175,0.992584,0.064224,-0.125570,0.452698,-0.565719,13.374863,33.341469,-12.255890,,,,,,,
1530639413.427145,-2.351518,-1.381997,-1.089647,-2.687998,-6.097287,-1.973409,-0.133314,0.982230,0.132073,-0.102908,0.604653,-0.596871,10.909786,35.282677,-11.469704,,,,,,,
1530639413.447114,-2.512127,-1.322626,-1.169763,-2.263658,-6.829118,-1.524172,-0.144596,0.969363,0.198539,-0.073742,0.778897,-0.668068,8.238403,36.686188,-10.846306,,,,,,,
1530639413.467083,-2.643434,-1.280439,-1.206953,-1.383203,-6.537425,-0.964847,-0.136786,0.958142,0.251486,0.055961,0.903690,-0.658163,6.004654,37.567284,-10.222122,,,,,,,
1530639413.487051,-2.754748,-1.264230,-1.234044,-0.307200,-5.406713,-0.101582,-0.113848,0.953375,0.279471,0.225909,0.662515,-0.648077,4.356030,38.275291,-9.985725,,,,,,,
1530639413.507020,-2.878201,-1.253866,-1.327824,-1.227965,-1.757015,1.357037,-0.081136,0.950197,0.300888,0.561041,0.195861,0.651795,4.134350,38.771049,-9.620399,,,,,,,
1530639413.526988,-3.015503,-1.233227,-1.492649,-1.377554,0.163782,2.164926,-0.041648,0.943563,0.328551,0.353141,-0.143438,-0.221404,5.312012,39.201622,-8.321289,,,,,,,
1530639413.546956,-3.119530,-1.216088,-1.636949,-0.758642,0.532984,1.744871,-0.007662,0.937748,0.347219,0.050981,-0.304615,-0.707829,6.991501,39.248169,-7.289543,,,,,,,
1530639413.566925,3.112987,-1.209401,-1.717941,-0.056314,0.112139,0.630945,0.010113,0.935404,0.353420,-0.120739,-0.413569,-0.848355,8.077976,39.268929,-6.575180,,,,,,,
1530639413.586894,3.107236,-1.218192,-1.733633,0.720681,-0.634050,-0.372100,0.011862,0.938477,0.345124,-0.122274,-0.541245,-0.908753,8.376293,39.277596,-6.553886,,,,,,,
1530639413.606862,3.114999,-1.238037,-1.712863,1.009495,-1.684212,-0.656343,0.008685,0.945145,0.326521,0.031048,-0.679687,-0.933546,7.817875,39.462555,-7.218361,,,,,,,
1530639413.626831,3.096779,-1.251740,-1.704104,0.424347,-1.879689,-0.137674,0.014051,0.949532,0.313339,0.203661,-0.827248,-0.693084,7.452656,39.629040,-8.078529,,,,,,,
1530639413.646800,3.059170,-1.253429,-1.733024,-0.012510,-0.608386,0.421008,0.025691,0.950060,0.310988,0.224691,-0.832369,-0.559279,7.407166,40.069595,-8.074112,,,,,,,
1530639413.666767,3.028286,-1.254057,-1.777935,0.192302,0.213491,0.489655,0.035214,0.950256,0.309454,0.110034,-0.794372,-0.749838,7.961292,40.125591,-8.251480,,,,,,,
1530639413.686737,3.005279,-1.262939,-1.814486,0.685536,-0.186478,0.197737,0.041175,0.952985,0.300188,0.031075,-0.805753,-0.889223,8.565506,40.181858,-8.556206,,,,,,,
1530639413.706706,2.983892,-1.283366,-1.827380,1.195515,-1.522086,-0.324282,0.044518,0.958976,0.279951,-0.041985,-0.790412,-0.882918,8.548157,40.514050,-9.381767,,,,,,,
1530639413.726673,2.967478,-1.316538,-1.798156,1.765738,-3.166676,-1.025317,0.043570,0.967850,0.247702,-0.191244,-0.462357,-0.890967,7.909966,40.510559,-10.954315,,,,,,,
1530639413.746643,3.009890,-1.351240,-1.712619,0.871376,-1.364111,-1.602429,0.028598,0.975994,0.215885,-0.118686,-0.012203,-0.125156,6.487118,40.887650,-12.538727,,,,,,,
1530639413.766610,-3.014732,-1.281005,-1.549304,-6.339033,8.210159,-2.377777,-0.036151,0.958303,0.283436,-0.071027,1.341745,3.696285,5.882122,42.159664,-10.613327,,,,,,,
1530639413.786579,-2.854600,-1.192174,-1.524426,-2.046877,1.746089,-0.414159,-0.104629,0.929175,0.354507,1.315246,2.857584,3.039933,6.133873,44.002014,-5.007729,,,,,,,
1530639413.806548,-2.895149,-1.198346,-1.527738,1.248617,-2.870788,0.270463,-0.088771,0.931439,0.352888,0.314739,0.950001,-0.008940,6.093063,44.159538,-5.603348,,,,,,,
1530639413.826516,-2.939602,-1.237394,-1.526426,2.226044,-1.608622,0.487221,-0.065651,0.944934,0.320589,0.064934,-0.336917,0.382002,6.410057,44.116428,-7.135750,,,,,,,
1530639413.846485,-2.954571,-1.291960,-1.529755,3.001760,0.078164,0.610033,-0.051172,0.961376,0.270417,-0.011038,-0.249310,-0.618729,7.204617,43.390167,-9.208595,,,,,,,
1530639413.866454,-2.928362,-1.363280,-1.530256,3.665848,1.966637,0.785701,-0.043594,0.978546,0.201337,-0.039338,0.097764,-0.841321,8.421402,42.471062,-11.804169,,,,,,,
1530639413.886422,-2.874943,-1.430985,-1.526288,2.890779,2.674316,0.652860,-0.036711,0.990242,0.134395,-0.089907,0.553428,-0.669505,9.637711,41.651287,-13.514069,,,,,,,
1530639413.906391,-2.773213,-1.467141,-1.479870,1.198856,2.783844,0.059911,-0.037243,0.994633,0.096483,-0.021839,0.445507,-0.384798,10.851662,41.395531,-14.212753,,,,,,,
1530639413.926360,-2.651266,-1.478900,-1.410216,0.509707,2.560677,-0.041674,-0.043190,0.995781,0.080909,0.105155,-0.080253,-0.349967,11.712803,41.236332,-13.874443,,,,,,,
1530639413.946328,-2.579894,-1.488879,-1.385341,0.515473,2.141097,0.290583,-0.043551,0.996647,0.069204,0.122027,-0.461658,-0.327795,12.531181,41.095173,-13.460815,,,,,,,
1530639413.966297,-2.559756,-1.505005,-1.410153,0.753602,1.105865,0.563468,-0.036092,0.997837,0.054868,0.043462,-0.622257,-0.375287,13.501831,40.877174,-13.652069,,,,,,,
1530639413.986266,-2.561718,-1.526472,-1.428574,0.933994,-0.301911,0.595741,-0.024220,0.999018,0.036978,-0.021602,-0.498041,-0.419684,14.132748,40.652050,-14.196182,,,,,,,
1530639414.006234,-2.570996,-1.548005,-1.430125,0.901900,-1.270953,0.568758,-0.012207,0.999740,0.019020,-0.041260,-0.221237,-0.348396,14.341202,40.537376,-15.468048,,,,,,,
1530639414.026203,-1.809995,-1.566560,-0.646973,0.960587,-1.831217,0.330318,-0.003082,0.999991,0.000752,-0.140336,0.048929,-0.320377,14.093426,40.267120,-16.294388,,,,,,,
1530639414.046172,-0.052399,-1.550153,1.140510,1.131964,-1.938419,0.020587,-0.001071,0.999787,-0.020425,-0.227673,0.190536,-0.274757,13.565647,39.901962,-17.515900,,,,,,,
1530639414.066140,-0.052278,-1.524609,1.165749,1.395335,-1.507771,-0.009261,-0.002408,0.998934,-0.046024,-0.179538,0.133513,-0.199856,13.056030,39.694317,-19.052399,,,,,,,
1530639414.086109,-0.052021,-1.492550,1.179203,1.732052,-0.834296,-0.037645,-0.004062,0.996940,-0.078014,-0.177457,-0.006034,-0.105595,12.775959,39.061279,-20.489754,,,,,,,
1530639414.106078,-0.064560,-1.454814,1.167584,1.957618,-0.241592,-0.193573,-0.007464,0.993282,-0.115451,-0.191419,-0.088954,0.001376,12.352135,38.572083,-22.042740,,,,,,,
1530639414.126046,-0.079111,-1.417879,1.132688,1.443915,1.805498,-0.390700,-0.012036,0.988331,-0.151823,-0.211231,-0.112400,0.274458,12.750977,38.033234,-22.942787,,,,,,,
1530639414.146015,-0.040766,-1.407480,1.071953,0.170746,5.306957,-0.465931,-0.006625,0.986694,-0.162436,-0.150204,-0.163543,1.027457,14.726585,38.149986,-22.069626,,,,,,,
1530639414.165983,-0.005768,-1.402219,0.993815,0.371360,4.813412,-0.621441,-0.000968,0.985824,-0.167756,-0.116510,-0.034454,-0.028716,16.545319,38.562271,-20.613564,,,,,,,
1530639414.185952,0.011436,-1.390407,0.917071,0.716745,3.832280,-0.514454,0.002051,0.983774,-0.179382,-0.070731,-0.034341,-0.064560,17.897469,38.849121,-19.678017,,,,,,,
1530639414.205921,0.043143,-1.372807,0.874086,0.985540,2.957566,-0.148372,0.008483,0.980464,-0.196498,-0.028853,-0.096919,-0.000599,19.209026,38.533470,-18.972183,,,,,,,
1530639414.225889,0.093514,-1.349773,0.868378,1.243597,2.076014,0.249072,0.020470,0.975674,-0.218257,-0.015724,-0.114818,0.042155,20.313259,38.129395,-19.133408,,,,,,,
1530639414.245858,0.144286,-1.321624,0.884769,1.419701,0.964489,0.542744,0.035456,0.969117,-0.244026,-0.048243,-0.039246,0.074944,21.118526,37.803322,-19.539566,,,,,,,
1530639414.265827,0.180363,-1.293226,0.910981,1.144951,-0.247517,0.701607,0.049154,0.961724,-0.269565,-0.089040,-0.013970,0.246600,21.739082,37.454124,-20.211121,,,,,,,
1530639414.285795,0.200571,-1.280961,0.942733,0.172988,-1.046658,0.574376,0.056937,0.958291,-0.280055,-0.234762,0.064689,0.693461,21.725830,37.368622,-21.220299,,,,,,,
1530639414.305764,0.207060,-1.279490,0.967795,-0.065655,-1.230796,0.394840,0.059042,0.957869,-0.281059,-0.276007,0.150788,0.348014,21.582085,37.615677,-21.721085,,,,,,,
1530639414.325733,0.201540,-1.279930,0.983853,-0.103240,-1.393162,0.249939,0.057405,0.957996,-0.280967,-0.300920,0.170071,0.195609,21.059971,37.907578,-22.541901,,,,,,,
1530639414.345701,0.185121,-1.281593,0.991907,-0.114857,-1.479560,0.133162,0.052491,0.958471,-0.280305,-0.331117,0.164820,0.180147,20.510151,38.277451,-23.084663,,,,,,,
1530639414.365670,0.174684,-1.281492,0.995858,0.006349,-0.233436,0.156217,0.049580,0.958443,-0.280934,-0.373219,0.156273,0.351368,20.197742,38.690399,-23.224678,,,,,,,
1530639414.385639,0.230208,-1.294848,1.004174,-1.269461,3.095996,-0.105323,0.062167,0.962167,-0.265261,-0.559390,0.148993,1.382265,21.099182,39.366943,-22.124985,,,,,,,
1530639414.405607,0.293175,-1.339900,0.985927,-2.637924,4.032152,-1.162574,0.066132,0.973462,-0.219071,-0.763657,0.497516,0.797074,22.015785,41.182182,-18.774010,,,,,,,
1530639414.425576,0.301990,-1.406184,0.894009,-2.810532,4.659520,-2.002197,0.048732,0.986482,-0.156433,-0.851207,0.589278,1.007339,21.872326,43.621986,-14.525108,,,,,,,
1530639414.445545,0.150819,-1.466517,0.680489,-2.613578,1.042025,-2.017429,0.015634,0.994568,-0.102872,-0.560159,0.594299,0.176648,20.439938,46.081345,-10.841965,,,,,,,
1530639414.465513,-0.538518,-1.515559,0.024038,-2.822484,-3.561543,-2.133389,-0.028278,0.998475,-0.047334,-0.247403,0.645416,-0.396300,17.765224,47.888985,-8.887123,,,,,,,
1530639414.485482,-1.746608,-1.495557,-1.089300,-2.717484,-5.649543,-2.226544,-0.073950,0.997171,0.013137,-0.190698,0.575537,-0.681975,14.158382,49.649685,-7.524857,,,,,,,
1530639414.505451,-2.183266,-1.436428,-1.411492,-2.611889,-6.129706,-1.918296,-0.109584,0.990986,0.076994,-0.104054,0.519069,-0.521620,10.548634,51.285416,-6.284546,,,,,,,
1530639414.525419,-2.409628,-1.380073,-1.517118,-2.375242,-6.407460,-1.353778,-0.126677,0.981867,0.140994,-0.095445,0.664785,-0.533083,7.441925,52.140682,-4.498314,,,,,,,
1530639414.545388,-2.580044,-1.336052,-1.564209,-1.748479,-6.188268,-0.674544,-0.123844,0.972574,0.196856,-0.054974,0.943823,-0.599718,5.276176,52.281231,-3.122887,,,,,,,
1530639414.565356,-2.719504,-1.313464,-1.597104,-0.781998,-5.124589,-0.009954,-0.104252,0.967072,0.232146,0.074726,0.916991,-0.596281,3.997131,52.229057,-2.007378,,,,,,,
1530639414.585325,-2.826761,-1.313654,-1.623050,0.211145,-3.525259,0.457399,-0.078744,0.967121,0.241796,0.123254,0.530911,-0.662664,3.525425,51.744144,-1.731842,,,,,,,
1530639414.605294,-2.967394,-1.304912,-1.735228,-1.405682,-0.763038,1.778957,-0.045538,0.964861,0.258764,0.601583,-0.121019,0.495722,4.322811,51.107147,-0.640480,,,,,,,
1530639414.625262,-3.117210,-1.272866,-1.899133,-1.855011,0.663617,2.062413,-0.007156,0.955946,0.293434,0.256286,-0.331587,-0.278679,5.851933,50.557003,1.318993,,,,,,,
1530639414.645231,3.090956,-1.241803,-2.000519,-1.274963,1.023089,1.135826,0.016352,0.946368,0.322657,-0.039179,-0.405673,-0.745844,7.111977,49.966846,3.409172,,,,,,,
1530639414.665200,3.091663,-1.227625,-2.019799,-0.309166,0.723611,-0.141025,0.016792,0.941692,0.336037,-0.135292,-0.536892,-0.926873,7.324169,49.512619,4.515732,,,,,,,
1530639414.685169,3.133036,-1.233835,-1.978009,0.595465,-0.611150,-0.963841,0.002829,0.943764,0.330588,-0.047812,-0.660545,-1.096351,6.655262,49.511036,4.753616,,,,,,,
1530639414.705137,-3.132514,-1.250978,-1.919228,0.953575,-2.541696,-0.850784,-0.002854,0.949293,0.314360,0.136689,-0.784559,-1.189650,5.639206,49.636948,3.855194,,,,,,,
1530639414.725106,3.120290,-1.264751,-1.894735,0.408163,-2.627549,-0.063454,0.006417,0.953533,0.301200,0.320319,-0.828823,-0.713874,5.001648,49.888412,3.096191,,,,,,,
1530639414.745075,3.058245,-1.263661,-1.921901,-0.208780,-1.345795,0.588872,0.025168,0.953204,0.301258,0.266001,-0.796755,-0.520389,5.354294,49.860455,3.429031,,,,,,,
1530639414.765043,3.009601,-1.258883,-1.962281,-0.057855,-0.219726,0.571124,0.040385,0.951748,0.304189,0.090718,-0.768124,-0.697027,5.845905,49.978966,3.544113,,,,,,,
1530639414.785012,2.982387,-1.263927,-1.990701,0.554314,-0.136867,0.213393,0.047886,0.953284,0.298233,0.027554,-0.860404,-0.787155,6.323875,49.927052,3.867859,,,,,,,
1530639414.804981,2.967234,-1.284580,-1.983016,1.314525,-1.988050,-0.633024,0.048973,0.959319,0.278022,-0.211891,-0.669097,-0.896460,6.222557,50.449551,3.129799,,,,,,,
1530639414.824950,2.973391,-1.322818,-1.921537,1.808601,-2.670597,-1.407335,0.041085,0.969411,0.241955,-0.187875,-0.334279,-0.628124,5.137897,51.169708,1.496315,,,,,,,
1530639414.844918,-3.140203,-1.300408,-1.762078,-4.377899,4.209670,-2.166686,-0.000371,0.963667,0.267082,-0.248622,0.568498,2.824563,3.561581,51.459225,2.473930,,,,,,,
1530639414.864887,-2.908147,-1.191679,-1.680933,-3.215749,6.527612,-1.223114,-0.085612,0.928992,0.360045,0.846430,2.297967,3.858904,1.155491,51.883266,7.734291,,,,,,,
1530639414.884856,-2.921789,-1.181407,-1.683827,0.822697,-3.435874,0.432977,-0.082769,0.925141,0.370474,0.871953,1.669433,-0.117239,0.641521,51.773956,9.496696,,,,,,,
1530639414.904824,-3.031816,-1.215601,-1.713883,1.980933,-3.687800,0.890720,-0.038099,0.937579,0.345662,0.501920,0.317701,0.725505,2.054058,51.117355,8.276016,,,,,,,
1530639414.924793,-3.111916,-1.268322,-1.757348,2.972507,-0.691972,0.873026,-0.008838,0.954602,0.297733,0.078190,0.141620,-0.167057,3.070992,51.011742,6.134445,,,,,,,
1530639414.944762,-3.132490,-1.335349,-1.809426,3.313951,2.533330,0.587266,-0.002123,0.972410,0.233244,-0.204969,0.484301,-0.852675,3.924763,50.692562,3.608299,,,,,,,
1530639414.964731,-3.064475,-1.381467,-1.804964,1.500478,3.413218,-0.294034,-0.014497,0.982131,0.187613,-0.394210,0.514787,-0.520697,4.165188,50.448120,1.637024,,,,,,,
1530639414.984699,-2.926711,-1.385983,-1.741579,-0.137906,3.948285,-0.647147,-0.039178,0.982970,0.179509,-0.105735,-0.134139,-0.176061,3.762852,50.214363,1.460625,,,,,,,
1530639415.004668,-2.789453,-1.377628,-1.682636,-0.218934,3.917158,-0.611921,-0.066203,0.981401,0.180165,0.042628,-0.562532,-0.433369,3.227234,50.081585,2.394066,,,,,,,
1530639415.024637,-2.677353,-1.372857,-1.641444,0.072101,3.128526,-0.403122,-0.088037,0.980474,0.175814,0.090601,-0.706899,-0.496905,2.815262,49.929173,2.766266,,,,,,,
1530639415.044605,-2.594313,-1.376724,-1.609258,0.519439,1.846569,-0.060326,-0.100345,0.981227,0.164670,0.051211,-0.591685,-0.588757,2.496658,49.967957,3.090302,,,,,,,
1530639415.064574,-2.555798,-1.394033,-1.602434,0.934273,1.134982,0.654434,-0.097204,0.984418,0.146506,0.130636,-0.112607,-0.635032,2.703751,49.968174,2.861923,,,,,,,
1530639415.084543,-2.574804,-1.424002,-1.650265,1.119628,1.160063,1.328812,-0.078519,0.989245,0.123370,0.116711,0.299695,-0.588611,3.612331,49.852856,2.127609,,,,,,,
1530639415.104511,-2.641703,-1.457636,-1.743442,1.180240,0.804129,1.234773,-0.054107,0.993604,0.099068,-0.025574,0.404559,-0.531197,4.947205,49.652592,1.199875,,,,,,,
1530639415.124480,-2.667040,-1.488092,-1.781508,1.366739,0.068629,0.629578,-0.037723,0.996582,0.073433,-0.158215,0.299255,-0.468758,5.764088,49.332664,0.276779,,,,,,,
1530639415.144449,-2.520852,-1.519572,-1.635935,1.756600,-0.531876,0.288186,-0.029732,0.998688,0.041582,-0.129295,0.064071,-0.380098,6.305683,48.991959,-1.843964,,,,,,,
1530639415.164417,-1.672619,-1.546412,-0.775272,2.109094,-0.972407,0.281220,-0.024085,0.999703,0.002461,-0.090463,-0.180092,-0.262608,6.576473,48.652809,-3.686241,,,,,,,
1530639415.184386,-0.381269,-1.524160,0.534836,2.422641,-1.163309,0.415006,-0.017315,0.998913,-0.043193,-0.079364,-0.292156,-0.157094,6.666828,48.306534,-6.042725,,,,,,,
1530639415.204355,-0.099157,-1.475990,0.836276,2.649609,-1.067828,0.485309,-0.009367,0.995509,-0.094158,-0.113512,-0.240535,-0.053821,6.974506,47.685879,-8.617485,,,,,,,
1530639415.224323,-0.023237,-1.422448,0.926423,2.726228,-0.773216,0.341396,-0.003434,0.989017,-0.147741,-0.162918,-0.110110,0.054815,7.158272,46.990650,-11.017532,,,,,,,
1530639415.244292,-0.006321,-1.369556,0.948871,2.522515,-0.147779,0.101756,-0.001263,0.979819,-0.199864,-0.171253,0.021294,0.160253,7.384430,46.461296,-12.946503,,,,,,,
1530639415.264260,0.071715,-1.354714,0.949500,-0.126492,5.789793,-0.034414,0.015362,0.976745,-0.213840,-0.185909,-0.059509,2.096698,8.740700,46.184425,-12.345917,,,,,,,
1530639415.284229,0.194618,-1.366516,0.941821,-0.594583,6.436197,-0.260346,0.039229,0.979207,-0.199019,-0.066741,-0.047002,0.369734,10.275867,46.567265,-10.535866,,,,,,,
1530639415.304198,0.280050,-1.372108,0.914515,0.155698,5.084939,-0.286728,0.054553,0.980326,-0.189680,-0.099719,-0.100154,-0.108935,11.171146,46.820930,-9.070877,,,,,,,
1530639415.324166,0.322126,-1.343273,0.879015,2.179050,2.954831,0.350106,0.071406,0.974228,-0.213952,-0.056483,-0.169479,-0.164466,12.060356,46.454735,-9.700966,,,,,,,
1530639415.344135,0.343161,-1.295754,0.867135,2.169883,0.912006,0.753426,0.091376,0.962414,-0.255744,-0.158912,-0.023495,0.063925,12.944511,45.712646,-11.106117,,,,,,,
1530639415.364104,0.350698,-1.260422,0.878974,1.156469,-0.804002,0.717129,0.104923,0.952219,-0.286817,-0.285542,0.031820,0.278105,13.495850,45.167210,-11.966873,,,,,,,
1530639415.384072,0.342915,-1.248064,0.902733,0.144464,-1.839789,0.491042,0.106637,0.948372,-0.298686,-0.374276,0.106742,0.361582,13.361458,45.098686,-12.477470,,,,,,,
1530639415.404041,0.330591,-1.248016,0.932211,-0.304762,-2.027894,0.416198,0.102962,0.948357,-0.300020,-0.336941,0.121070,0.294450,13.259651,45.288498,-12.604874,,,,,,,
1530639415.424010,0.321899,-1.254739,0.954199,-0.547269,-1.827306,0.315133,0.098331,0.950468,-0.294848,-0.399174,0.172930,0.292346,12.862289,45.492649,-12.629494,,,,,,,
1530639415.443977,0.320997,-1.260913,0.972369,-0.181573,-0.758895,0.323936,0.096212,0.952369,-0.289362,-0.442831,0.234932,0.341487,12.877892,45.674232,-12.191704,,,,,,,
1530639415.463947,0.354988,-1.254599,0.978964,0.122616,1.766161,0.251982,0.108079,0.950425,-0.291559,-0.598908,0.259368,0.769861,13.448212,45.794743,-11.754173,,,,,,,
1530639415.483916,0.402102,-1.273026,0.967684,-1.488940,2.621966,-0.827880,0.114815,0.955993,-0.269980,-0.904549,0.619278,0.900504,13.653080,46.292740,-9.904617,,,,,,,
1530639415.503883,0.416039,-1.330448,0.917210,-2.854616,2.536091,-2.073444,0.096197,0.971255,-0.217723,-0.979330,0.782346,0.851635,12.400360,47.195450,-6.782272,,,,,,,
1530639415.523852,0.335684,-1.398737,0.797736,-2.617717,0.352683,-2.264454,0.056393,0.985234,-0.161637,-0.730069,0.686671,0.252045,10.416668,48.363346,-3.769157,,,,,,,
1530639415.543821,0.104122,-1.463168,0.577000,-2.989378,-2.016978,-2.152200,0.011161,0.994214,-0.106806,-0.291969,0.678729,0.233179,8.316635,48.945911,-0.785744,,,,,,,
1530639415.563789,-0.715430,-1.513719,-0.190490,-3.179359,-3.900880,-2.213190,-0.037378,0.998372,-0.043012,-0.126989,0.539913,-0.288469,6.159306,49.496311,2.395935,,,,,,,
1530639415.583758,-1.870170,-1.486152,-1.266253,-3.090209,-4.901003,-2.061499,-0.080738,0.996420,0.024920,-0.070995,0.524897,-0.517077,4.323212,49.360100,5.307472,,,,,,,
1530639415.603727,-2.274340,-1.425264,-1.578066,-2.853434,-5.390851,-1.636057,-0.110562,0.989429,0.093797,-0.023517,0.639630,-0.534425,3.362190,48.696453,7.698334,,,,,,,
1530639415.623695,-2.482736,-1.371112,-1.686507,-2.306728,-5.653542,-1.029473,-0.121424,0.980129,0.156823,0.031077,0.778797,-0.605477,3.149342,48.203117,10.014137,,,,,,,
1530639415.643664,-2.640106,-1.336287,-1.748225,-1.424465,-5.063556,-0.185087,-0.111694,0.972628,0.203735,0.212738,0.816495,-0.627639,4.085575,47.327019,11.266502,,,,,,,
1530639415.663633,-2.767053,-1.325287,-1.793797,-0.183392,-4.180282,0.374320,-0.088911,0.970014,0.226182,0.177015,0.641818,-0.785142,5.232449,46.908009,11.446503,,,,,,,
1530639415.683601,-2.866899,-1.338939,-1.850185,0.766677,-1.625742,0.956755,-0.062324,0.973241,0.221151,0.303703,0.178980,-0.595098,6.803299,45.861088,10.772980,,,,,,,
1530639415.703570,-2.961656,-1.354946,-1.953931,-0.008686,0.528923,1.338879,-0.038327,0.976795,0.210698,0.320508,-0.270053,-0.232183,8.165379,45.231117,10.336525,,,,,,,
1530639415.723539,-3.073604,-1.328806,-2.096947,-2.122960,1.052602,1.218349,-0.016279,0.970863,0.239062,0.292493,-0.583732,0.126920,9.174809,44.620567,11.853996,,,,,,,
1530639415.743507,-3.115911,-1.283886,-2.175264,-2.171760,1.298176,0.509311,-0.007266,0.959123,0.282880,0.112735,-0.590562,-0.564878,10.015938,43.533199,13.889793,,,,,,,
1530639415.763476,-3.096379,-1.252600,-2.187871,-1.112233,0.866268,-0.298947,-0.014140,0.949801,0.312518,0.057337,-0.647815,-0.936557,10.233200,42.982601,15.308159,,,,,,,
1530639415.783445,-3.069751,-1.246009,-2.161532,0.144151,-1.181727,-0.644696,-0.022904,0.947719,0.318268,0.098817,-0.740352,-1.310319,10.232243,42.923046,15.794090,,,,,,,
1530639415.803413,-3.082495,-1.258028,-2.132759,0.830781,-2.902142,-0.443533,-0.018172,0.951485,0.307140,0.196044,-0.755334,-1.218044,10.660484,42.910088,14.527527,,,,,,,
1530639415.823382,-3.129005,-1.270815,-2.127763,0.494676,-2.750579,0.004054,-0.003720,0.955342,0.295461,0.255398,-0.742604,-0.650152,11.590561,42.987835,13.490379,,,,,,,
1530639415.843351,3.100294,-1.278284,-2.150161,0.381165,-1.568936,0.263335,0.011905,0.957523,0.288094,0.138379,-0.807025,-0.578804,12.689606,42.969074,12.815582,,,,,,,
1530639415.863319,3.058134,-1.290259,-2.174679,0.812636,-1.402173,0.072958,0.023079,0.960907,0.275889,0.004021,-0.902206,-0.715968,13.623554,43.038326,12.082695,,,,,,,
1530639415.883288,3.032438,-1.315508,-2.162217,1.499734,-2.881890,-0.690001,0.027507,0.967591,0.251003,-0.275966,-0.705582,-0.870067,14.202816,43.457191,10.358635,,,,,,,
1530639415.903257,3.041582,-1.353404,-2.094251,1.772062,-3.026858,-1.290027,0.021533,0.976463,0.214584,-0.220416,-0.360252,-0.557785,14.347641,44.009331,7.830215,,,,,,,
1530639415.923225,-3.067708,-1.319118,-1.931645,-5.350746,3.961827,-2.198488,-0.018381,0.968496,0.248331,-0.451650,0.612345,3.023031,13.334656,44.648533,9.410645,,,,,,,
1530639415.943194,-2.860103,-1.169849,-1.885704,-4.588068,8.634806,-1.450695,-0.108414,0.920692,0.374917,0.762680,2.270959,4.072318,10.827957,44.317005,16.680687,,,,,,,
1530639415.963163,-2.848468,-1.152093,-1.893600,0.814935,-2.714143,0.466736,-0.117475,0.913617,0.389221,0.973340,1.533450,-0.491440,11.044334,43.623741,18.382156,,,,,,,
1530639415.983131,-2.960119,-1.188068,-1.913392,1.849602,-4.902699,0.822630,-0.067398,0.927649,0.367307,0.446960,0.144372,0.728274,13.544659,43.369530,15.977570,,,,,,,
1530639416.003100,-3.056472,-1.229095,-1.931770,1.987567,-2.951715,0.444455,-0.028488,0.942186,0.333862,-0.037263,-0.280809,0.219024,15.922993,43.381351,12.852432,,,,,,,
1530639416.023069,-3.063713,-1.283494,-1.939509,3.088914,1.726235,0.297809,-0.022045,0.959012,0.282491,-0.369267,0.362949,-1.108556,17.013790,43.622555,9.815033,,,,,,,
1530639416.043037,-3.002528,-1.332757,-1.944082,1.698032,3.972141,0.285721,-0.032683,0.971802,0.233503,-0.378709,0.763809,-0.727735,17.650150,43.757092,8.414146,,,,,,,
1530639416.063006,-2.909349,-1.340714,-1.938160,-0.067950,4.393601,-0.234828,-0.052486,0.973648,0.221917,-0.110463,0.187973,-0.425148,17.691719,43.825432,9.032761,,,,,,,
1530639416.082975,-2.799364,-1.332570,-1.910337,-0.355439,3.965846,-0.462473,-0.079186,0.971758,0.222278,0.091973,-0.398531,-0.512714,17.431522,43.693699,10.197159,,,,,,,
1530639416.102943,-2.706080,-1.325128,-1.886737,-0.099300,3.222034,-0.347998,-0.102595,0.969975,0.220487,0.165507,-0.547551,-0.529279,17.068230,43.868301,11.560951,,,,,,,
1530639416.122912,-2.632204,-1.328235,-1.867551,0.481444,2.227290,-0.039746,-0.117119,0.970726,0.209682,0.178475,-0.269279,-0.686092,16.986122,44.229298,11.974655,,,,,,,
1530639416.142881,-2.577540,-1.346939,-1.856044,1.188996,1.634759,0.525781,-0.118672,0.975048,0.187591,0.246113,0.156894,-0.780532,17.293446,44.485867,11.946739,,,,,,,
1530639416.162849,-2.536442,-1.380839,-1.849046,1.608493,1.213522,0.918332,-0.107405,0.982012,0.155272,0.215728,0.357267,-0.689070,18.251198,44.207706,11.020004,,,,,,,
1530639416.182818,-2.485127,-1.417896,-1.819652,1.708436,0.493670,0.768192,-0.092943,0.988333,0.120633,0.080141,0.321313,-0.555814,19.404957,44.240582,9.687210,,,,,,,
1530639416.202787,-2.380658,-1.452962,-1.723373,1.836295,-0.031317,0.533495,-0.081053,0.993066,0.085119,0.017790,0.168189,-0.411016,20.219692,44.204403,8.151611,,,,,,,
1530639416.222755,-2.154167,-1.485385,-1.498553,1.991977,-0.247366,0.480106,-0.071172,0.996355,0.046973,0.003331,-0.059953,-0.281455,20.970177,43.933205,6.254730,,,,,,,
1530639416.242724,-1.671285,-1.509468,-1.013968,2.112194,-0.390155,0.529900,-0.060939,0.998120,0.006144,-0.022847,-0.222974,-0.183116,21.816223,43.798363,3.765488,,,,,,,
1530639416.262693,-0.931949,-1.509172,-0.269187,2.221589,-0.591746,0.622674,-0.049408,0.998102,-0.036698,-0.073089,-0.284372,-0.122390,22.565647,43.553463,1.443886,,,,,,,
1530639416.282661,-0.421966,-1.480746,0.250304,2.360502,-0.740216,0.694894,-0.036821,0.995948,-0.082018,-0.126036,-0.226585,-0.080793,23.371758,43.126995,-1.070084,,,,,,,
1530639416.302630,-0.190172,-1.438099,0.491032,2.465940,-0.560899,0.620214,-0.025007,0.991209,-0.129907,-0.170367,-0.119093,0.015023,24.207722,42.561108,-3.984596,,,,,,,
1530639416.322599,-0.089029,-1.399772,0.576132,1.255614,2.120584,0.188761,-0.015131,0.985411,-0.169507,-0.303244,-0.046400,0.715420,24.908501,42.047264,-5.873993,,,,,,,
1530639416.342567,-0.007088,-1.396420,0.558927,-0.245428,5.751493,-0.237170,-0.001230,0.984835,-0.173480,-0.378501,-0.160631,1.095889,25.453495,42.222290,-5.015717,,,,,,,
1530639416.362536,0.083872,-1.401872,0.525654,-0.145992,5.717076,-0.213594,0.014083,0.985766,-0.167522,-0.087844,-0.157046,0.100307,26.309772,42.417812,-2.321518,,,,,,,
1530639416.382505,0.177960,-1.389126,0.515172,1.422164,4.382900,0.284172,0.031982,0.983543,-0.177811,-0.058257,-0.213447,-0.108337,26.844814,42.391766,-0.140762,,,,,,,
1530639416.402473,0.238345,-1.337068,0.512812,2.856629,1.867829,0.745318,0.054680,0.972810,-0.225053,-0.121010,-0.106141,-0.139144,28.353649,41.786037,-1.279938,,,,,,,
1530639416.422442,0.263854,-1.283182,0.521892,2.185019,-0.085511,0.850912,0.073980,0.958923,-0.273844,-0.216070,-0.036942,0.176859,29.566124,41.084080,-3.223991,,,,,,,
1530639416.442411,0.267003,-1.264254,0.546470,0.100057,-1.691030,0.532143,0.079617,0.953383,-0.291068,-0.360669,0.101778,0.863791,30.167137,40.731152,-5.165138,,,,,,,
1530639416.462379,0.259066,-1.267445,0.575726,-0.401238,-2.065401,0.417046,0.076524,0.954341,-0.288747,-0.280153,0.235021,0.259008,30.712383,40.477531,-7.103394,,,,,,,
1530639416.482348,0.253592,-1.274188,0.607129,-0.465311,-1.807107,0.423285,0.073326,0.956333,-0.282927,-0.298622,0.253231,0.254271,30.811386,40.419662,-8.686020,,,,,,,
1530639416.502317,0.262928,-1.277126,0.638849,-0.076904,-0.766612,0.477011,0.075234,0.957188,-0.279515,-0.370904,0.199581,0.329717,31.003513,40.374374,-9.956375,,,,,,,
1530639416.522286,0.281770,-1.272054,0.660561,0.187252,-0.100122,0.344748,0.081836,0.955707,-0.282708,-0.453815,0.200482,0.257180,31.293430,40.104214,-11.133362,,,,,,,
1530639416.542255,0.287086,-1.271986,0.664653,-0.240212,-0.014171,-0.091397,0.083356,0.955687,-0.282331,-0.551160,0.302934,0.266218,31.071285,40.295944,-11.874306,,,,,,,
1530639416.562224,0.280008,-1.295125,0.635857,-1.548473,1.609298,-1.089898,0.075223,0.962243,-0.261587,-0.852246,0.624732,0.861181,30.519939,41.392921,-11.082878,,,,,,,
1530639416.582192,0.250616,-1.352273,0.540651,-2.929916,3.582768,-2.253101,0.053762,0.976219,-0.210008,-1.013173,0.807442,1.230104,29.157578,43.454769,-7.749992,,,,,,,
1530639416.602161,0.101256,-1.420065,0.330990,-2.891371,1.972324,-2.439235,0.015178,0.988662,-0.149381,-0.680278,0.916124,0.552854,26.756443,45.615192,-5.232391,,,,,,,
1530639416.622130,-0.303621,-1.476507,-0.075303,-3.093944,-1.220412,-2.080379,-0.028143,0.995558,-0.089826,-0.091745,0.709383,0.233534,24.093658,47.700993,-3.661949,,,,,,,
1530639416.642098,-1.214842,-1.495805,-0.937303,-2.998234,-3.254858,-1.935904,-0.070203,0.997190,-0.026101,-0.065448,0.431384,-0.412574,21.096375,49.373367,-2.738457,,,,,,,
1530639416.662067,-1.908180,-1.457278,-1.554793,-2.734836,-4.243852,-1.805434,-0.106874,0.993564,0.037491,-0.018767,0.444577,-0.536102,18.025082,50.768513,-2.172363,,,,,,,
1530639416.682036,-2.214325,-1.404426,-1.769074,-2.442579,-4.969191,-1.490644,-0.132471,0.986192,0.099359,0.032160,0.576857,-0.556421,15.028805,51.723587,-1.453468,,,,,,,
1530639416.702004,-2.406648,-1.357778,-1.856739,-1.981390,-5.439024,-0.936997,-0.141753,0.977397,0.156831,0.087966,0.693669,-0.630708,12.425987,52.410957,-1.075188,,,,,,,
1530639416.721973,-2.566876,-1.328633,-1.917871,-1.320247,-4.758090,0.015887,-0.130351,0.970821,0.201270,0.293956,0.688053,-0.564658,10.793858,52.707752,-0.759277,,,,,,,
1530639416.741942,-2.707380,-1.319933,-1.972056,-0.255837,-4.188953,0.514185,-0.104429,0.968699,0.225195,0.183577,0.474020,-0.742742,9.862164,52.641792,-0.629623,,,,,,,
1530639416.761910,-2.819630,-1.331308,-2.023008,0.529940,-2.316614,0.941927,-0.075056,0.971460,0.225008,0.278928,0.050361,-0.593614,9.542103,52.541824,-1.391426,,,,,,,
1530639416.781879,-2.927990,-1.343124,-2.115010,-0.230844,-0.317719,1.340399,-0.047845,0.974194,0.220572,0.281426,-0.352704,-0.203680,10.035530,52.163143,-1.065483,,,,,,,
1530639416.801848,-3.060462,-1.316839,-2.256157,-2.102610,0.449438,1.438478,-0.020360,0.967926,0.250401,0.257008,-0.622803,0.139538,10.862637,51.551086,1.025070,,,,,,,
1530639416.821816,-3.131599,-1.272785,-2.346504,-2.168431,0.922475,0.881705,-0.002934,0.955922,0.293596,0.057591,-0.584874,-0.501955,11.277794,51.361012,3.770874,,,,,,,
1530639416.841785,-3.137825,-1.239264,-2.372746,-1.314647,0.776420,0.092126,-0.001226,0.945545,0.325482,-0.012476,-0.593997,-0.842953,11.060665,51.028465,6.056755,,,,,,,
1530639416.861754,-3.129029,-1.227248,-2.359431,-0.202366,-0.885672,-0.338671,-0.004232,0.941565,0.336795,0.008504,-0.622397,-1.225940,10.570236,51.107788,6.948624,,,,,,,
1530639416.881722,3.134156,-1.232932,-2.340506,0.539722,-2.278502,-0.259470,0.002465,0.943465,0.331455,0.095145,-0.645079,-1.156528,10.159321,51.356396,6.677345,,,,,,,
1530639416.901691,3.093999,-1.242282,-2.336773,0.299999,-1.913072,0.066255,0.015349,0.946523,0.322263,0.166597,-0.614903,-0.605588,10.157108,51.388252,6.390205,,,,,,,
1530639416.921660,3.057026,-1.244980,-2.351770,0.158509,-0.710157,0.283872,0.027035,0.947390,0.318930,0.129169,-0.603182,-0.544012,10.424610,51.564938,6.300606,,,,,,,
1530639416.941628,3.032138,-1.253028,-2.368164,0.630508,-0.532679,0.138411,0.034130,0.949935,0.310569,0.029713,-0.701018,-0.765525,10.553280,51.814800,6.212090,,,,,,,
1530639416.961597,3.013345,-1.274086,-2.364213,1.280486,-1.643750,-0.454131,0.037393,0.956304,0.289966,-0.121728,-0.735478,-0.858035,10.645863,52.184452,5.032005,,,,,,,
1530639416.981566,3.013236,-1.310381,-2.309842,1.933030,-2.980983,-1.226814,0.032958,0.966283,0.255353,-0.270720,-0.428792,-0.835767,9.925377,52.518093,3.326569,,,,,,,
1530639417.001534,3.081528,-1.342051,-2.196158,0.469782,-0.943490,-1.747115,0.013611,0.973952,0.226336,-0.161042,0.019090,0.176130,8.801941,53.290470,2.608475,,,,,,,
1530639417.021503,-2.969367,-1.236844,-2.054916,-8.650482,8.236143,-2.354084,-0.056172,0.944754,0.322922,-0.075237,1.492273,4.948303,6.327488,53.681419,8.543900,,,,,,,
1530639417.041472,-2.828203,-1.153437,-2.048161,-1.832448,2.167537,-0.228908,-0.124960,0.914162,0.385598,1.138617,2.492988,2.071570,4.479710,53.404259,13.787949,,,,,,,
1530639417.061440,-2.891855,-1.164759,-2.058546,1.332096,-4.507020,0.618664,-0.097615,0.918693,0.382712,0.588323,0.756554,-0.491110,5.257122,53.055660,13.950531,,,,,,,
1530639417.081409,-3.005331,-1.195940,-2.087575,1.468170,-3.577193,0.883777,-0.049735,0.930560,0.362737,0.422660,-0.176471,1.068858,6.975712,52.404594,12.508003,,,,,,,
1530639417.101378,-3.080962,-1.238893,-2.124415,2.609101,-0.881352,0.818825,-0.019744,0.945424,0.325236,0.062438,0.268550,-0.451274,8.079197,52.384663,10.817978,,,,,,,
1530639417.121346,-3.084644,-1.299623,-2.152468,2.867468,1.905023,0.315051,-0.015246,0.963457,0.267418,-0.332838,0.641767,-1.055473,8.560474,51.995232,8.473305,,,,,,,
1530639417.141315,-2.997691,-1.329377,-2.116627,0.576225,3.147567,-0.626267,-0.034284,0.971000,0.236599,-0.461291,0.217401,-0.345669,8.145069,51.843918,7.872017,,,,,,,
1530639417.161284,-2.870608,-1.326220,-2.056243,-0.170175,3.514372,-0.794496,-0.064815,0.970240,0.233299,-0.010411,-0.538889,-0.491569,7.140808,51.929855,8.680267,,,,,,,
1530639417.181252,-2.756860,-1.316541,-2.006039,-0.281222,2.985850,-0.666439,-0.094396,0.967851,0.233129,0.094366,-0.804506,-0.488607,6.054527,51.638775,9.704834,,,,,,,
1530639417.201221,-2.679931,-1.311152,-1.980254,0.068869,2.284029,-0.243230,-0.114356,0.966481,0.229851,0.134833,-0.655141,-0.619194,5.425152,51.448360,10.520027,,,,,,,
1530639417.221190,-2.642868,-1.320099,-1.989196,0.501380,2.093663,0.605429,-0.118653,0.968740,0.217852,0.233719,-0.098897,-0.724078,5.539528,51.229061,10.967918,,,,,,,
1530639417.241158,-2.653341,-1.342594,-2.050297,0.769853,2.271528,1.371335,-0.106113,0.974075,0.199782,0.224995,0.411561,-0.697478,6.317234,51.059437,11.025230,,,,,,,
1530639417.261127,-2.686750,-1.371905,-2.130222,1.057016,1.796310,1.275387,-0.086797,0.980286,0.177484,0.050252,0.546676,-0.683862,7.383080,50.644054,10.680969,,,,,,,
1530639417.281096,-2.690101,-1.403722,-2.164241,1.483007,1.035889,0.750561,-0.072551,0.986075,0.149622,-0.051228,0.410851,-0.604212,8.034107,50.659195,9.681664,,,,,,,
1530639417.301064,-2.631318,-1.439428,-2.123299,1.875728,0.527885,0.441939,-0.063969,0.991383,0.114288,-0.072094,0.148555,-0.428771,8.399429,50.944134,8.325485,,,,,,,
1530639417.321033,-2.488123,-1.478205,-1.988081,2.138149,0.062086,0.421790,-0.056195,0.995716,0.073391,-0.060398,-0.114079,-0.298900,8.958702,50.787144,6.738220,,,,,,,
1530639417.341002,-2.112682,-1.515972,-1.612234,2.355867,-0.325872,0.481235,-0.046906,0.998498,0.028237,-0.080398,-0.300011,-0.199823,9.590488,50.840870,4.862389,,,,,,,
1530639417.360970,-1.052649,-1.528732,-0.545258,2.555665,-0.599073,0.548971,-0.036484,0.999115,-0.020800,-0.119598,-0.372330,-0.122892,9.972912,50.624088,2.433311,,,,,,,
1530639417.380939,-0.331426,-1.492779,0.185745,2.733506,-0.643661,0.602941,-0.025351,0.996958,-0.073671,-0.179269,-0.298335,-0.025542,10.649326,50.433857,0.044632,,,,,,,
1530639417.400908,-0.120188,-1.450569,0.379756,1.685620,2.271967,0.306775,-0.014378,0.992781,-0.119056,-0.377650,-0.061690,1.072898,11.117069,50.279434,-2.036301,,,,,,,
1530639417.420876,-0.011803,-1.429206,0.402126,0.798118,4.702788,0.030292,-0.001665,0.989993,-0.141092,-0.296735,0.091886,0.934152,12.007130,49.919743,-1.992012,,,,,,,
1530639417.440845,0.083568,-1.417673,0.402458,0.560646,4.100727,0.103256,0.012730,0.988300,-0.151980,-0.090413,-0.080905,0.269213,12.446968,50.102390,-1.382332,,,,,,,
1530639417.460814,0.159315,-1.400768,0.415513,1.010962,2.169194,0.354457,0.026842,0.985580,-0.167056,-0.046465,-0.133194,-0.119947,12.917267,49.870945,-1.034897,,,,,,,
1530639417.480782,0.207950,-1.373100,0.440505,1.463292,0.295004,0.614540,0.040548,0.980522,-0.192170,-0.056936,-0.089683,-0.075301,13.657745,49.570030,-1.489746,,,,,,,
1530639417.500751,0.230677,-1.339478,0.471214,1.578453,-1.037640,0.799943,0.052416,0.973365,-0.223180,-0.082659,0.000985,0.030614,14.265759,49.561157,-2.775681,,,,,,,
1530639417.520720,0.235534,-1.306658,0.503100,1.340641,-1.740676,0.788298,0.060924,0.965318,-0.253862,-0.150844,0.025664,0.204805,14.927204,49.064270,-4.422829,,,,,,,
1530639417.540689,0.237513,-1.293351,0.531307,0.109990,-1.192660,0.458941,0.064443,0.961758,-0.266204,-0.402761,0.100406,0.950332,15.503597,48.915936,-5.219513,,,,,,,
1530639417.560658,0.249363,-1.294953,0.554206,-0.251897,-0.565706,0.326692,0.067213,0.962196,-0.263929,-0.372099,0.180214,0.379850,15.653702,48.726620,-4.847382,,,,,,,
1530639417.580626,0.268887,-1.299364,0.579304,-0.346394,-0.442115,0.338001,0.071225,0.963388,-0.258474,-0.369107,0.200385,0.187551,16.299213,48.575386,-4.616676,,,,,,,
1530639417.600595,0.289353,-1.303502,0.603747,-0.238104,-0.307215,0.300831,0.075361,0.964489,-0.253139,-0.427183,0.221241,0.164867,16.521072,48.514999,-4.485008,,,,,,,
1530639417.620564,0.312347,-1.304467,0.617999,-0.203321,0.776943,0.123417,0.080876,0.964743,-0.250454,-0.535801,0.244912,0.357418,16.899086,48.182785,-3.891670,,,,,,,
1530639417.640532,0.346380,-1.326050,0.607600,-1.500501,2.550179,-0.822706,0.082262,0.970199,-0.227915,-0.866807,0.516648,0.984903,16.827316,48.597309,-2.573463,,,,,,,
1530639417.660501,0.347732,-1.377652,0.536151,-2.514716,3.541043,-1.985940,0.065406,0.981406,-0.180451,-1.021598,0.587854,1.067719,15.648300,49.244438,0.395416,,,,,,,
1530639417.680470,0.202144,-1.438087,0.339186,-2.325653,0.991218,-2.346463,0.026563,0.991207,-0.129613,-0.793226,0.633946,0.268789,13.627617,49.825619,3.758850,,,,,,,
1530639417.700438,-0.204810,-1.489448,-0.053221,-2.737405,-2.121269,-1.928908,-0.016522,0.996693,-0.079539,-0.218311,0.507091,0.207133,11.527878,50.074574,5.817375,,,,,,,
1530639417.720407,-1.232066,-1.511941,-1.021490,-2.895725,-3.873199,-1.759862,-0.055445,0.998268,-0.019534,-0.113241,0.414329,-0.237562,9.911808,49.826565,7.770882,,,,,,,
1530639417.740376,-2.021461,-1.471703,-1.727812,-2.760568,-4.780921,-1.722541,-0.089032,0.995094,0.043080,-0.155826,0.514977,-0.498906,8.505859,49.451607,9.778793,,,,,,,
1530639417.760345,-2.320123,-1.414974,-1.929629,-2.536262,-5.349483,-1.566981,-0.113611,0.987884,0.105697,-0.102057,0.675766,-0.510513,7.590752,49.021233,11.167458,,,,,,,
1530639417.780313,-2.484704,-1.361994,-1.990203,-2.132599,-5.467388,-1.297909,-0.126574,0.978280,0.164141,-0.054853,0.839973,-0.529665,6.796150,48.357780,12.208969,,,,,,,
1530639417.800282,-2.603987,-1.322844,-2.014782,-1.503848,-4.611220,-0.621017,-0.125670,0.969417,0.210792,0.149824,0.902959,-0.519615,6.340710,47.584026,13.026733,,,,,,,
1530639417.820251,-2.716480,-1.301872,-2.057020,-0.918265,-3.462387,0.199044,-0.109575,0.964057,0.242038,0.293672,0.637032,-0.472674,6.741280,46.890434,13.433907,,,,,,,
1530639417.840219,-2.813490,-1.298011,-2.110964,-0.123814,-1.733129,0.724150,-0.086815,0.963024,0.255034,0.279778,0.198429,-0.567870,7.207516,46.227394,13.309364,,,,,,,
1530639417.860188,-2.878204,-1.305025,-2.172912,0.119931,0.258313,0.875666,-0.068381,0.964890,0.253587,0.251974,-0.202805,-0.445009,7.683674,45.871643,12.809044,,,,,,,
1530639417.880157,-2.948021,-1.292642,-2.265383,-1.496642,0.890106,1.060973,-0.052818,0.961564,0.269445,0.424858,-0.605622,0.075465,8.090836,44.899933,13.860718,,,,,,,
1530639417.900125,-3.006526,-1.258392,-2.351733,-1.908250,1.051451,0.736110,-0.041385,0.951597,0.304541,0.245014,-0.625090,-0.440130,8.214718,44.250206,15.662010,,,,,,,
1530639417.920094,-3.017499,-1.229859,-2.389167,-1.140637,0.937505,0.096438,-0.041386,0.942442,0.331792,0.159764,-0.624799,-0.814687,8.061176,43.488258,16.627396,,,,,,,
1530639417.940063,-2.998699,-1.219963,-2.383009,-0.080561,0.063955,-0.381764,-0.048942,0.939087,0.340170,0.180793,-0.687485,-1.010840,7.666492,43.405594,16.747429,,,,,,,
1530639417.960031,-2.993661,-1.226163,-2.358684,0.577387,-1.833850,-0.388224,-0.049796,0.941199,0.334155,0.256003,-0.726630,-1.112536,7.614590,43.400257,16.082680,,,,,,,
1530639417.980000,-3.036206,-1.236691,-2.348664,0.441326,-3.091619,-0.003491,-0.034494,0.944704,0.326098,0.313867,-0.687441,-0.851718,8.380497,43.468468,15.443665,,,,,,,
1530639417.999969,-3.100901,-1.241048,-2.360403,0.113310,-2.509038,0.213130,-0.013172,0.946124,0.323531,0.195072,-0.617114,-0.585524,9.259113,43.486702,14.936790,,,,,,,
1530639418.019937,3.141302,-1.245331,-2.375482,0.344417,-0.895671,0.123531,0.000093,0.947502,0.319743,0.044112,-0.634621,-0.610194,9.661228,43.469238,14.346291,,,,,,,
1530639418.039906,3.139484,-1.259622,-2.374601,0.949917,-0.150669,-0.203968,0.000645,0.951975,0.306169,-0.019017,-0.754709,-0.680055,9.967411,43.699108,13.715759,,,,,,,
1530639418.059875,-3.119646,-1.285563,-2.334274,1.538047,-1.567752,-0.920271,-0.006175,0.959596,0.281306,-0.189962,-0.640718,-0.796840,9.752960,44.328068,12.476578,,,,,,,
1530639418.079843,-3.065426,-1.321609,-2.233791,1.916898,-2.440734,-1.448372,-0.018765,0.969113,0.245894,-0.141193,-0.278836,-0.621382,9.344368,44.991001,10.709702,,,,,,,
1530639418.099812,-2.954669,-1.292294,-2.094117,-5.300943,0.499345,-2.433583,-0.051088,0.961468,0.270121,-0.423887,0.630985,2.199224,8.103149,44.922272,13.535576,,,,,,,
1530639418.119781,-2.844236,-1.153446,-2.079448,-3.750284,6.547655,-0.743850,-0.118761,0.914166,0.387547,0.304582,2.677417,4.681164,5.657936,43.721100,18.401833,,,,,,,
1530639418.139749,-2.852463,-1.147103,-2.119301,0.826464,-1.779898,1.216377,-0.117220,0.911577,0.394062,0.776704,1.460860,-0.162037,6.307396,43.418812,18.818451,,,,,,,
1530639418.159718,-2.993225,-1.185319,-2.181097,1.596789,-4.487151,1.723582,-0.055581,0.926619,0.371867,0.654260,0.251512,0.407552,8.663486,43.202118,16.859505,,,,,,,
1530639418.179687,-3.122281,-1.227287,-2.266392,2.462939,-0.670578,1.634607,-0.006504,0.941578,0.336728,0.399128,0.298320,0.149676,10.347172,42.938213,14.449112,,,,,,,
1530639418.199656,3.131798,-1.288687,-2.354079,3.059947,4.151594,1.089581,0.002727,0.960470,0.278366,0.026158,0.516367,-1.027985,10.869568,42.871422,12.831184,,,,,,,
1530639418.219624,-3.108628,-1.323519,-2.398162,0.785154,3.962043,0.352571,-0.008067,0.969582,0.244629,0.088969,0.134940,-0.631622,10.454933,42.971909,12.119057,,,,,,,
1530639418.239593,-3.040135,-1.321145,-2.399730,-0.440300,3.325990,-0.199339,-0.025023,0.968999,0.245791,0.121932,-0.562566,-0.544528,9.730396,42.770298,12.978058,,,,,,,
1530639418.259562,-2.950012,-1.309181,-2.368310,-0.480765,2.759322,-0.624422,-0.049247,0.965973,0.253905,0.077049,-0.822998,-0.564147,8.797161,42.673046,13.763947,,,,,,,
1530639418.279530,-2.857304,-1.304150,-2.319962,0.191573,2.004015,-0.623367,-0.073903,0.964660,0.252918,0.109594,-0.750396,-0.686298,7.962223,42.690136,14.060814,,,,,,,
1530639418.299499,-2.787412,-1.314291,-2.282030,0.894202,1.383053,-0.096756,-0.087988,0.967282,0.237949,0.204595,-0.203382,-0.760151,7.616783,42.691692,13.825516,,,,,,,
1530639418.319468,-2.756633,-1.339298,-2.281624,1.297637,1.381742,0.712142,-0.086157,0.973324,0.212640,0.212667,0.334797,-0.732538,7.927891,42.672874,13.070885,,,,,,,
1530639418.339436,-2.780112,-1.372573,-2.337615,1.365087,1.315723,1.316158,-0.069643,0.980418,0.184196,0.075121,0.602147,-0.719108,8.602825,42.595657,12.038338,,,,,,,
1530639418.359405,-2.857007,-1.408528,-2.437985,1.467511,0.627539,1.375378,-0.045357,0.986863,0.155053,-0.083305,0.630095,-0.721017,9.545620,42.538960,10.965714,,,,,,,
1530639418.379374,-2.960968,-1.445156,-2.548474,1.717965,-0.192580,1.031173,-0.022510,0.992118,0.123265,-0.173535,0.450860,-0.592579,10.533772,42.266251,9.516594,,,,,,,
1530639418.399342,-3.077143,-1.486049,-2.658665,2.100495,-0.619730,0.684222,-0.005451,0.996411,0.084458,-0.183682,0.136905,-0.402726,11.285660,41.978531,7.593765,,,,,,,
1530639418.419311,2.992241,-1.531267,-2.861949,2.363617,-0.740671,0.441405,0.005877,0.999219,0.039054,-0.166216,-0.136685,-0.218848,11.691944,42.082794,5.631020,,,,,,,
1530639418.439280,0.881462,-1.554063,1.322270,2.543116,-0.778331,0.291546,0.012857,0.999860,-0.010597,-0.159082,-0.303678,-0.113319,12.127136,41.986801,3.366058,,,,,,,
1530639418.459248,0.264729,-1.504804,0.716382,2.708316,-0.665292,0.220229,0.017249,0.997823,-0.063629,-0.164954,-0.369588,-0.030258,12.377357,41.839287,1.145660,,,,,,,
1530639418.479217,0.166884,-1.452947,0.617142,2.279934,0.908428,-0.011359,0.019529,0.993064,-0.115935,-0.244291,-0.253745,0.161605,12.522835,41.825615,-0.729561,,,,,,,
1530639418.499186,0.152852,-1.431102,0.513777,0.717925,5.848279,-0.709671,0.021199,0.990259,-0.137610,-0.545583,-0.045175,1.356986,12.694420,41.683418,-0.520836,,,,,,,
1530639418.519153,0.183004,-1.425316,0.393623,0.352591,7.782452,-0.708307,0.026381,0.989436,-0.142540,-0.229155,-0.104137,0.584221,12.286659,41.978352,0.944870,,,,,,,
1530639418.539122,0.267250,-1.415733,0.323640,0.789537,7.117096,-0.134856,0.040783,0.988002,-0.148953,-0.038555,-0.202769,0.025356,12.258415,42.030472,2.232254,,,,,,,
1530639418.559091,0.354836,-1.385843,0.291976,1.980812,4.664232,0.441352,0.063892,0.982945,-0.172438,-0.081149,-0.268345,-0.130784,12.598980,42.191742,2.629906,,,,,,,
1530639418.579059,0.380001,-1.339284,0.270357,2.095954,0.681933,0.823207,0.085106,0.973321,-0.213077,-0.079079,-0.250283,0.006595,13.345818,42.093941,1.595749,,,,,,,
1530639418.599028,0.392781,-1.303727,0.300092,1.179317,-1.663655,1.151697,0.101011,0.964548,-0.243805,-0.116483,-0.135157,0.128128,14.178757,41.798206,0.109009,,,,,,,
1530639418.618997,0.400025,-1.278778,0.353539,0.702918,-2.676225,1.214449,0.112113,0.957665,-0.265154,-0.215278,-0.021126,0.128435,15.085445,41.517525,-1.101151,,,,,,,
1530639418.638965,0.392697,-1.259146,0.405163,0.555375,-3.106723,1.057564,0.117340,0.951829,-0.283286,-0.287659,0.107955,0.169638,15.921131,41.093628,-2.648209,,,,,,,
1530639418.658934,0.375409,-1.244566,0.441717,0.260242,-2.081941,0.702186,0.117501,0.947257,-0.298152,-0.408593,0.270242,0.499309,16.495014,40.658466,-4.083427,,,,,,,
1530639418.678903,0.386859,-1.243928,0.466050,-0.290224,-0.276017,0.261632,0.121135,0.947052,-0.297347,-0.584575,0.368454,0.769530,17.020100,40.535713,-4.483559,,,,,,,
1530639418.698871,0.395895,-1.249206,0.474600,-0.273369,0.044909,-0.013102,0.121888,0.948734,-0.291624,-0.524461,0.391613,0.244353,17.212143,40.998829,-4.398071,,,,,,,
1530639418.718840,0.413425,-1.256775,0.473430,-0.610550,1.239863,-0.231312,0.124093,0.951099,-0.282858,-0.521783,0.359921,0.679724,17.357788,41.084080,-3.805695,,,,,,,
1530639418.738809,0.438725,-1.289395,0.463471,-1.941258,1.740103,-1.149789,0.117962,0.960667,-0.251398,-0.773449,0.749645,0.783915,17.060299,41.819294,-2.657639,,,,,,,
1530639418.758777,0.444035,-1.347912,0.422904,-2.674469,2.148516,-1.907907,0.094955,0.975264,-0.199602,-0.783645,0.889558,1.145891,15.951904,42.781567,-0.277214,,,,,,,
1530639418.778746,0.405727,-1.415043,0.357551,-2.821409,0.327785,-1.847174,0.061221,0.987895,-0.142521,-0.587268,0.687306,0.506199,14.548157,43.898010,2.162865,,,,,,,
1530639418.798715,0.250613,-1.479558,0.229156,-2.804707,-2.632393,-1.764563,0.022591,0.995841,-0.088248,-0.240486,0.419458,-0.161630,12.982220,44.518715,3.856277,,,,,,,
1530639418.818683,-0.475157,-1.537629,-0.424933,-3.005652,-4.338725,-1.642304,-0.015147,0.999450,-0.029442,-0.141469,0.350999,-0.283898,11.515083,45.411343,5.395767,,,,,,,
1530639418.838652,-2.186471,-1.513164,-2.040547,-2.955702,-5.270934,-1.571835,-0.046996,0.998340,0.033245,-0.160981,0.490292,-0.491848,10.290718,45.836624,6.599014,,,,,,,
1530639418.858621,-2.532143,-1.452915,-2.279204,-2.761165,-5.629842,-1.242375,-0.067311,0.993060,0.096421,-0.114512,0.728864,-0.505799,9.175781,46.336773,8.003906,,,,,,,
1530639418.878589,-2.698935,-1.400552,-2.339334,-2.252150,-5.269965,-0.787699,-0.072566,0.985543,0.153083,-0.075398,0.939185,-0.548575,8.057453,46.585983,8.983932,,,,,,,
1530639418.898558,-2.818005,-1.361978,-2.370667,-1.701741,-4.123344,-0.284367,-0.065913,0.978276,0.196536,0.057719,0.940760,-0.484256,7.582050,46.442314,9.601448,,,,,,,
1530639418.918527,-2.920210,-1.334446,-2.409237,-1.268496,-2.848369,0.180930,-0.051414,0.972199,0.228433,0.136878,0.656936,-0.421960,7.109726,46.311043,10.635254,,,,,,,
1530639418.938495,-3.003666,-1.317947,-2.461173,-0.710155,-1.031054,0.594650,-0.034394,0.968203,0.247780,0.186875,0.163282,-0.462242,6.766716,46.046257,11.047249,,,,,,,
1530639418.958464,-3.062092,-1.306594,-2.527995,-0.845197,0.826937,0.905962,-0.020738,0.965301,0.260307,0.213823,-0.292038,-0.300636,6.648457,45.573509,11.680626,,,,,,,
1530639418.978433,-3.118670,-1.280423,-2.618553,-1.619511,1.618922,1.193063,-0.006562,0.958137,0.286227,0.330934,-0.634391,-0.169482,6.444016,45.252537,13.030548,,,,,,,
1530639418.998402,3.136467,-1.247565,-2.686068,-1.549072,1.738757,0.781971,0.001628,0.948214,0.317621,0.133946,-0.654437,-0.554850,6.109543,44.717442,14.729866,,,,,,,
1530639419.018370,-3.132501,-1.224465,-2.708193,-0.882236,1.509712,0.029576,-0.003086,0.940624,0.339428,0.048084,-0.655545,-0.773754,5.498985,44.351566,15.817467,,,,,,,
1530639419.038339,-3.101711,-1.217678,-2.688679,0.004864,-0.279254,-0.561208,-0.013788,0.938299,0.345543,0.070917,-0.661733,-1.122383,4.408192,44.322460,16.137268,,,,,,,
1530639419.058308,-3.106930,-1.227134,-2.654137,0.761518,-2.873669,-0.566687,-0.011677,0.941527,0.336728,0.142673,-0.711516,-1.320966,3.912621,44.283863,15.797394,,,,,,,
1530639419.078276,3.125694,-1.246668,-2.633635,0.958706,-3.738677,-0.164204,0.005063,0.947929,0.318434,0.241611,-0.746971,-0.965147,3.630482,44.788074,14.983177,,,,,,,
1530639419.098245,3.044999,-1.257766,-2.642744,0.324063,-3.344938,0.237047,0.029698,0.951405,0.306500,0.192592,-0.727268,-0.576977,4.143772,45.197124,14.201607,,,,,,,
1530639419.118214,2.980061,-1.260434,-2.658381,0.159797,-2.005285,0.157898,0.049117,0.952223,0.301422,-0.022124,-0.658934,-0.603256,4.522953,45.509659,13.780251,,,,,,,
1530639419.138182,2.949145,-1.268309,-2.659486,0.574027,-1.344696,-0.245624,0.056975,0.954599,0.292389,-0.090208,-0.732537,-0.711548,4.580425,45.770420,13.587708,,,,,,,
1530639419.158151,2.953623,-1.292579,-2.613567,1.421561,-2.500293,-1.272970,0.051320,0.961547,0.269798,-0.384907,-0.481185,-0.926704,4.094940,46.530060,12.845261,,,,,,,
1530639419.178120,3.015094,-1.330286,-2.498219,1.370850,-2.119858,-2.008303,0.030051,0.971216,0.236288,-0.250357,-0.085703,-0.413091,2.942760,47.489651,11.567436,,,,,,,
1530639419.198088,-3.049028,-1.260827,-2.308853,-7.799515,4.764552,-2.586975,-0.028194,0.952343,0.303717,-0.301655,1.136372,4.148874,0.600616,47.754230,13.720840,,,,,,,
1530639419.218057,-2.909479,-1.134310,-2.282344,-2.759989,3.230437,-0.319585,-0.097248,0.906243,0.411416,0.952061,2.572761,3.239524,-3.299736,46.588615,19.533920,,,,,,,
1530639419.238026,-2.981937,-1.147327,-2.303387,1.849763,-5.020702,0.805883,-0.065328,0.911669,0.405696,0.730565,1.029921,-0.623698,-3.495096,45.880230,20.697815,,,,,,,
1530639419.257994,-3.111592,-1.195597,-2.333478,2.508858,-4.020143,0.715238,-0.010992,0.930435,0.366288,0.524435,-0.051879,1.293425,-1.584503,45.856724,17.882263,,,,,,,
1530639419.277963,3.103401,-1.252960,-2.381855,3.174025,0.847450,0.941930,0.011932,0.949914,0.312279,0.305374,0.205985,0.083778,-1.581089,46.381729,15.069832,,,,,,,
1530639419.297932,3.102932,-1.315450,-2.464194,2.783215,5.071286,0.924408,0.009762,0.967576,0.252385,0.079685,0.591155,-0.761876,-2.334526,46.552406,12.656006,,,,,,,
1530639419.317900,-3.112893,-1.341407,-2.494273,0.414775,4.368768,-0.019004,-0.006525,0.973805,0.227282,-0.048651,0.264171,-0.660449,-3.502514,46.466404,11.412094,,,,,,,
1530639419.337869,-3.001785,-1.334049,-2.457599,-0.531798,3.571157,-0.687914,-0.032683,0.972106,0.232245,0.050490,-0.422256,-0.569343,-5.043156,46.018856,11.493553,,,,,,,
1530639419.357838,-2.875520,-1.321710,-2.393481,-0.339856,2.934728,-0.933532,-0.064819,0.969138,0.237837,0.089752,-0.740027,-0.591246,-6.684357,45.824429,10.911240,,,,,,,
1530639419.377806,-2.769653,-1.316753,-2.334459,0.225872,2.184819,-0.590509,-0.091332,0.967904,0.234128,0.193719,-0.720346,-0.648877,-7.974146,45.660488,10.215393,,,,,,,
1530639419.397775,-2.711636,-1.326545,-2.313429,0.717838,1.735802,0.303724,-0.100800,0.970319,0.219814,0.312164,-0.262006,-0.673900,-8.235468,45.621796,9.338341,,,,,,,
1530639419.417744,-2.712227,-1.349368,-2.346581,0.932616,1.501672,1.105962,-0.091424,0.975585,0.199680,0.254464,0.313859,-0.726978,-7.850481,45.969471,8.064568,,,,,,,
1530639419.437712,-2.768603,-1.378536,-2.429647,1.073853,1.017070,1.415967,-0.069626,0.981575,0.177932,0.108322,0.540749,-0.745528,-7.015516,46.180862,6.734550,,,,,,,
1530639419.457681,-2.848556,-1.410244,-2.516678,1.337321,0.148943,1.149048,-0.046176,0.987139,0.153041,-0.053861,0.466184,-0.700724,-6.090845,46.164261,5.222916,,,,,,,
,,,,,,,,,,,,,,,,39.779263,-84.064282,292.967316,-1.000000,-1.000000,1530639419.439973,
1530639419.477650,-2.924232,-1.444631,-2.583644,1.665374,-0.526565,0.801477,-0.027133,0.992052,0.122860,-0.119885,0.235823,-0.544582,-5.529924,46.044044,3.752945,,,,,,,
1530639419.497618,-2.998047,-1.484123,-2.637789,2.013174,-0.944763,0.598386,-0.012381,0.996246,0.085659,-0.133920,-0.006073,-0.393063,-5.081469,46.180824,1.952484,,,,,,,
1530639419.517587,3.139997,-1.528723,-2.757950,2.296861,-1.154170,0.536107,0.000067,0.999115,0.042025,-0.134909,-0.200424,-0.244494,-4.760147,45.928642,0.093132,,,,,,,
1530639419.537557,0.970930,-1.557827,1.384954,2.559440,-1.314000,0.489397,0.010619,0.999916,-0.007263,-0.167540,-0.281151,-0.157883,-4.539619,45.799538,-2.573204,,,,,,,
1530639419.557525,0.294254,-1.506066,0.737514,2.809520,-1.219809,0.425706,0.018754,0.997906,-0.061885,-0.206529,-0.253368,-0.062795,-4.578499,45.409088,-5.070892,,,,,,,
1530639419.577494,0.203572,-1.448748,0.666448,2.812409,-0.340271,0.306969,0.024611,0.992561,-0.119223,-0.266631,-0.133354,0.106527,-4.694977,44.870922,-7.717827,,,,,,,
1530639419.597463,0.228335,-1.416229,0.615480,1.141837,6.093217,-0.231987,0.034846,0.988078,-0.149950,-0.616450,-0.038432,1.766481,-4.068388,44.812290,-9.347130,,,,,,,
1530639419.617432,0.306512,-1.401947,0.553523,0.769078,7.187988,-0.328431,0.050705,0.985779,-0.160211,-0.266723,-0.094742,0.312540,-2.988811,44.469479,-10.618675,,,,,,,
1530639419.637400,0.384997,-1.388366,0.503628,0.826166,6.132157,-0.101165,0.068132,0.983406,-0.168136,-0.157838,-0.161216,-0.025299,-1.883242,44.089706,-11.796890,,,,,,,
1530639419.657369,0.455034,-1.363510,0.472461,1.960916,4.536187,0.440945,0.090449,0.978593,-0.184862,-0.158381,-0.197663,-0.031462,-0.440304,43.532684,-13.540428,,,,,,,
1530639419.677338,0.446878,-1.305632,0.431439,2.383992,0.034754,1.010070,0.113253,0.965049,-0.236332,-0.121798,-0.020500,0.378224,0.090916,42.442093,-16.199799,,,,,,,
1530639419.697306,0.450273,-1.277111,0.471376,0.529010,-2.183805,1.052584,0.125985,0.957184,-0.260627,-0.352563,0.094101,0.541435,-0.077419,41.956047,-17.611496,,,,,,,
1530639419.717275,0.442480,-1.266230,0.521971,0.061968,-2.851504,0.730790,0.128403,0.953977,-0.270998,-0.387329,0.171878,0.168215,-0.715195,41.435997,-18.276390,,,,,,,
1530639419.737244,0.415239,-1.262866,0.556289,-0.105059,-2.723158,0.377280,0.122267,0.952963,-0.277329,-0.376509,0.199869,0.227235,-2.195948,41.374603,-19.037560,,,,,,,
1530639419.757212,0.401954,-1.266444,0.585203,-0.452564,-1.242990,0.260859,0.117238,0.954041,-0.275789,-0.367024,0.143798,0.552248,-3.515846,41.372974,-19.337952,,,,,,,
1530639419.777181,0.419472,-1.272370,0.612193,-0.309354,0.239179,0.151072,0.119746,0.955800,-0.268525,-0.407344,0.210994,0.408204,-4.383644,41.473980,-19.912926,,,,,,,
1530639419.797150,0.439331,-1.274850,0.620587,-0.130381,1.038872,-0.083173,0.124046,0.956527,-0.263947,-0.504523,0.266664,0.265549,-5.104906,41.453976,-20.443794,,,,,,,
1530639419.817118,0.472290,-1.291752,0.618978,-1.222221,2.400473,-0.737963,0.125302,0.961319,-0.245282,-0.714032,0.429794,0.756848,-5.514744,41.572567,-20.509705,,,,,,,
1530639419.837087,0.511529,-1.342200,0.598360,-2.539327,3.642211,-1.928026,0.110926,0.973985,-0.197600,-0.950572,0.682371,0.846922,-6.491549,41.925377,-20.076103,,,,,,,
1530639419.857056,0.502540,-1.411520,0.510531,-2.473025,3.644633,-2.600643,0.076388,0.987342,-0.138988,-0.950305,0.676796,0.840053,-8.201698,42.569969,-19.232651,,,,,,,
1530639419.877024,0.341784,-1.478328,0.330814,-2.764819,-0.957198,-2.325286,0.030944,0.995728,-0.086984,-0.366500,0.633026,0.188317,-11.243618,42.983788,-18.472229,,,,,,,
1530639419.896993,-0.623887,-1.537188,-0.575130,-3.040154,-4.051736,-2.434346,-0.019610,0.999435,-0.027244,-0.133360,0.531845,-0.135491,-15.526793,43.096165,-16.595268,,,,,,,
1530639419.916962,-2.084889,-1.493386,-1.936403,-3.037317,-5.463048,-2.361369,-0.067324,0.997005,0.038021,-0.124937,0.469730,-0.538417,-20.195892,42.568283,-13.040573,,,,,,,
1530639419.936930,-2.378936,-1.424223,-2.118604,-2.817698,-5.667247,-1.896616,-0.100892,0.989277,0.105588,-0.034255,0.576442,-0.504468,-24.572975,42.140308,-8.822426,,,,,,,
1530639419.956899,-2.545891,-1.365676,-2.174308,-2.415400,-5.569477,-1.208024,-0.114282,0.979037,0.168597,-0.023382,0.802442,-0.527651,-27.855219,41.172020,-4.594147,,,,,,,
1530639419.976868,-2.683552,-1.322244,-2.207893,-1.867632,-4.999447,-0.494977,-0.108778,0.969269,0.220640,0.037596,0.958770,-0.542814,-29.815010,40.013203,-0.308754,,,,,,,
1530639419.996836,-2.812859,-1.293203,-2.248185,-1.336075,-4.214732,0.142698,-0.088472,0.961718,0.259364,0.132860,0.788786,-0.495021,-30.657566,39.224274,3.520828,,,,,,,
1530639420.016805,-2.923794,-1.277831,-2.288014,-0.596047,-3.258669,0.416599,-0.062402,0.957392,0.281967,0.079064,0.409720,-0.574722,-30.795860,38.639725,5.880020,,,,,,,
1530639420.036774,-2.996145,-1.277323,-2.318382,0.164040,-1.385413,0.393799,-0.041927,0.957245,0.286222,0.062053,0.017349,-0.579924,-30.516628,38.072182,7.370872,,,,,,,
1530639420.056742,-3.021258,-1.282563,-2.339835,0.034458,0.592684,0.417658,-0.034123,0.958748,0.282200,0.140355,-0.357780,-0.368611,-30.470001,37.420448,7.361443,,,,,,,
1530639420.076711,-3.036118,-1.269468,-2.375203,-1.090046,1.200021,0.444446,-0.031245,0.954943,0.295136,0.209010,-0.576098,-0.117661,-30.503513,37.167419,7.220200,,,,,,,
1530639420.096680,-3.032057,-1.245460,-2.390142,-1.163386,0.886784,-0.070740,-0.034940,0.947543,0.317710,0.056349,-0.539813,-0.605277,-30.421324,36.425407,7.580536,,,,,,,
1530639420.116649,-3.009392,-1.229595,-2.367602,-0.444710,-0.311973,-0.597557,-0.044108,0.942353,0.331699,0.043955,-0.579255,-1.020160,-30.757528,35.231850,7.792969,,,,,,,
1530639420.136617,-3.001548,-1.230193,-2.324275,0.454768,-2.211778,-0.645428,-0.046630,0.942553,0.330784,0.096099,-0.675555,-1.296589,-31.252136,34.681145,8.948204,,,,,,,
1530639420.156586,-3.018829,-1.246450,-2.284363,1.063010,-2.596866,-0.380909,-0.039025,0.947859,0.316290,0.175591,-0.739455,-1.072759,-31.467180,34.040558,9.484375,,,,,,,
1530639420.176555,-3.044259,-1.263767,-2.266250,0.721001,-1.571625,-0.002382,-0.029370,0.953236,0.300798,0.264722,-0.824802,-0.582902,-31.474907,33.633865,10.218521,,,,,,,
1530639420.196523,-3.067385,-1.275081,-2.265850,0.539756,-0.851327,0.087149,-0.021606,0.956594,0.290622,0.165023,-0.906210,-0.639850,-31.709812,33.323715,10.844826,,,,,,,
1530639420.216492,-3.084273,-1.289348,-2.257337,0.855211,-1.458176,-0.131611,-0.015912,0.960654,0.277291,0.075604,-0.940635,-0.822655,-32.137043,33.312363,11.051003,,,,,,,
1530639420.236461,-3.108342,-1.310181,-2.225725,1.212695,-3.280802,-0.459144,-0.008566,0.966232,0.257533,0.006537,-0.818527,-0.834636,-32.406067,33.123810,12.027702,,,,,,,
1530639420.256429,-3.127681,-1.340061,-2.172605,1.547602,-3.154933,-0.637904,-0.003181,0.973498,0.228671,0.038231,-0.423617,-0.541873,-32.814594,32.684769,13.339470,,,,,,,
1530639420.276398,-3.070914,-1.303281,-2.098926,-5.671582,1.839392,-1.123551,-0.018667,0.964431,0.263676,-0.202677,0.603898,2.656018,-33.909954,31.587563,15.610451,,,,,,,
1530639420.296367,-2.953843,-1.158500,-2.092393,-4.160438,6.097421,-0.588500,-0.074793,0.916203,0.393672,0.587015,2.581508,4.227834,-36.077522,28.981491,15.460655,,,,,,,
1530639420.316335,-2.977401,-1.141933,-2.115468,0.459139,-2.889405,0.765200,-0.067971,0.909439,0.410245,1.037972,1.479736,-0.433225,-36.284607,28.418816,15.878761,,,,,,,
1530639420.336304,-3.096054,-1.168034,-2.168363,1.405487,-2.762603,1.220558,-0.017843,0.919982,0.391554,0.713186,0.310075,0.810030,-34.762802,29.051537,17.546211,,,,,,,
1530639420.356273,3.121288,-1.214352,-2.211834,2.824477,-0.433030,0.629950,0.007085,0.937143,0.348872,0.294688,0.254568,0.097890,-33.539494,29.959221,17.009674,,,,,,,
1530639420.376241,3.124296,-1.283591,-2.240400,3.520628,2.454306,0.192099,0.004899,0.959039,0.283230,-0.036119,0.743185,-1.064160,-33.434177,31.003731,14.161034,,,,,,,
1530639420.396210,-3.029582,-1.295349,-2.184291,-1.796593,4.494330,-1.469154,-0.030401,0.962304,0.270273,-0.767817,0.839088,1.270483,-34.170570,30.560303,11.514503,,,,,,,
1530639420.416179,-2.875108,-1.235877,-2.117074,-2.474565,4.475326,-1.402695,-0.086559,0.944437,0.317092,0.103160,-0.185037,-0.740355,-35.335602,29.357925,9.418877,,,,,,,
1530639420.436147,-2.755382,-1.200104,-2.081720,-0.880546,4.127698,-1.014770,-0.136457,0.932077,0.335578,0.246549,-0.642862,-1.008628,-36.300488,28.323067,7.035011,,,,,,,
1530639420.456116,-2.651496,-1.195730,-2.042022,0.654092,2.770378,-0.521067,-0.172437,0.930483,0.323211,0.278486,-0.922717,-1.040848,-36.657524,27.498085,4.791618,,,,,,,
1530639420.476085,-2.582598,-1.219050,-2.002307,1.669600,1.202953,0.368656,-0.182720,0.938772,0.292094,0.320339,-0.722555,-0.891673,-36.783314,27.345268,2.240982,,,,,,,
1530639420.496053,-2.549801,-1.263589,-1.983570,2.155186,0.879944,1.399462,-0.168692,0.953182,0.250972,0.313650,-0.204815,-0.645076,-36.267765,27.397842,0.948654,,,,,,,
1530639420.516022,-2.557796,-1.322349,-2.014196,2.153983,1.448823,2.304939,-0.135539,0.969296,0.205173,0.243830,0.323582,-0.523791,-35.332127,28.424698,-1.226349,,,,,,,
1530639420.535990,-2.610304,-1.379327,-2.099327,1.733447,1.679484,2.173568,-0.096415,0.981726,0.164069,0.026667,0.647501,-0.542625,-34.110470,29.553116,-3.578888,,,,,,,
1530639420.555958,-2.664555,-1.420371,-2.176791,1.343073,0.927983,1.195883,-0.068807,0.988707,0.133128,-0.097758,0.660615,-0.578104,-32.854309,30.397713,-5.389534,,,,,,,
1530639420.575927,-2.645759,-1.450468,-2.164408,1.423133,0.223665,0.396759,-0.057109,0.992769,0.105581,-0.137013,0.413603,-0.486746,-32.224754,30.443909,-6.487869,,,,,,,
1530639420.595896,-2.531642,-1.479672,-2.044583,1.652320,-0.272983,0.209654,-0.052124,0.995851,0.074585,-0.078064,0.047575,-0.350952,-31.948483,30.364433,-7.215935,,,,,,,
1530639420.615865,-2.271641,-1.509452,-1.771719,1.867975,-0.570369,0.261998,-0.046855,0.998119,0.039533,-0.074056,-0.208934,-0.226819,-31.805609,29.992767,-7.851212,,,,,,,
1530639420.635833,-1.566444,-1.530513,-1.049039,2.116859,-0.749910,0.352315,-0.040271,0.999189,-0.000175,-0.109296,-0.323041,-0.151375,-31.728844,29.461922,-8.593224,,,,,,,
1530639420.655802,-0.620284,-1.515312,-0.083721,2.376028,-0.756278,0.462763,-0.032233,0.998461,-0.045123,-0.155908,-0.321978,-0.073255,-31.872793,29.283478,-9.397484,,,,,,,
1530639420.675771,-0.232538,-1.473182,0.320285,2.586964,-0.511994,0.566309,-0.022459,0.995239,-0.094836,-0.195909,-0.205139,0.031863,-31.577801,28.886703,-10.337029,,,,,,,
1530639420.695739,-0.049717,-1.420857,0.480257,2.824230,3.826404,0.554501,-0.007424,0.988780,-0.149194,-0.315040,-0.074351,0.834069,-31.186609,28.383896,-12.253563,,,,,,,
1530639420.715708,0.116082,-1.373906,0.532828,1.970927,6.431532,0.452132,0.022657,0.980680,-0.194304,-0.336637,-0.091016,0.715101,-29.185873,27.533493,-16.165657,,,,,,,
1530639420.735677,0.246713,-1.344172,0.545379,1.169986,5.590452,0.315331,0.054873,0.974430,-0.217886,-0.247775,-0.078327,0.202719,-26.699171,26.760178,-20.514717,,,,,,,
1530639420.755645,0.339338,-1.326350,0.552616,0.687806,3.655286,0.338102,0.080559,0.970271,-0.228219,-0.198891,-0.120433,0.085046,-24.259335,26.387657,-22.996895,,,,,,,
1530639420.775614,0.385267,-1.305645,0.570488,1.245818,0.164451,0.666920,0.098482,0.965053,-0.242846,-0.024523,-0.121517,0.327716,-22.990841,25.627808,-24.780418,,,,,,,
1530639420.795583,0.380380,-1.276768,0.594381,1.076845,-1.781938,0.861022,0.107599,0.957084,-0.269096,-0.195535,0.023400,0.256889,-23.419895,25.273308,-24.854378,,,,,,,
1530639420.815551,0.365732,-1.258185,0.625003,0.492804,-2.137642,0.604530,0.109988,0.951534,-0.287205,-0.398440,0.155324,0.339573,-24.520847,25.122375,-24.156387,,,,,,,
1530639420.835520,0.343973,-1.253142,0.645925,-0.070524,-1.777223,0.233713,0.105330,0.949971,-0.294043,-0.431471,0.250820,0.404639,-25.333773,25.084572,-23.234444,,,,,,,
1530639420.855489,0.334793,-1.258676,0.667211,-0.493895,-1.088981,0.181148,0.100897,0.951684,-0.290028,-0.358450,0.204001,0.388294,-26.008545,25.182243,-22.420036,,,,,,,
1530639420.875457,0.341314,-1.268198,0.691124,-0.529012,-0.415008,0.098491,0.099749,0.954565,-0.280811,-0.380800,0.249948,0.281651,-26.217707,25.190231,-21.665947,,,,,,,
1530639420.895426,0.346621,-1.273862,0.695253,-0.137876,0.529538,-0.180462,0.099399,0.956238,-0.275189,-0.430652,0.309860,0.273739,-26.083647,25.146896,-21.573601,,,,,,,
1530639420.915395,0.353538,-1.282590,0.683797,-0.634722,1.572839,-0.490452,0.098407,0.958755,-0.266654,-0.540957,0.400910,0.425101,-25.573944,24.634468,-21.745773,,,,,,,
1530639420.935364,0.390886,-1.316490,0.658879,-1.937535,4.193916,-1.281438,0.095851,0.967838,-0.232598,-0.843135,0.594296,1.126748,-24.245903,24.536057,-22.612923,,,,,,,
1530639420.955332,0.421260,-1.378250,0.595317,-2.699432,4.412790,-2.246158,0.078249,0.981520,-0.174629,-0.990114,0.611040,1.058525,-22.966583,24.674873,-23.168953,,,,,,,
1530639420.975301,0.309305,-1.442287,0.451635,-2.661711,-0.195785,-2.128583,0.039010,0.991754,-0.122074,-0.631524,0.517844,0.364627,-23.320221,24.515968,-22.127953,,,,,,,
1530639420.995270,-0.089131,-1.508643,0.098464,-3.168285,-3.111624,-2.047727,-0.005529,0.998069,-0.061864,-0.142772,0.395791,0.080556,-24.970875,24.625237,-19.593140,,,,,,,
1530639421.015238,-1.610784,-1.521331,-1.341239,-3.023926,-4.505569,-2.098049,-0.049405,0.998777,0.001977,-0.154071,0.385577,-0.501015,-26.978922,24.484573,-15.674263,,,,,,,
1530639421.035207,-2.242136,-1.460691,-1.869175,-2.962058,-5.480305,-1.944868,-0.086037,0.993944,0.068351,-0.114357,0.579572,-0.543357,-29.063427,24.179375,-11.774101,,,,,,,
1530639421.055176,-2.472983,-1.395627,-1.980650,-2.783476,-6.081196,-1.581892,-0.108033,0.984697,0.136752,-0.091079,0.837645,-0.553820,-30.414295,23.401215,-7.357910,,,,,,,
1530639421.075144,-2.625937,-1.340822,-2.014243,-2.235971,-5.532580,-0.964938,-0.112405,0.973672,0.198312,-0.008155,0.981436,-0.543710,-31.111189,22.605659,-3.027458,,,,,,,
1530639421.095113,-2.752879,-1.305140,-2.048727,-1.568675,-3.943088,-0.017445,-0.099503,0.964920,0.242956,0.207368,0.931030,-0.452704,-30.796192,22.302628,0.066475,,,,,,,
1530639421.115082,-2.860401,-1.286341,-2.103241,-0.805281,-1.808057,0.576819,-0.077876,0.959815,0.269613,0.197597,0.623971,-0.440222,-29.933649,22.221016,1.310966,,,,,,,
1530639421.135050,-2.911302,-1.286642,-2.154829,0.139757,0.888452,0.743682,-0.063992,0.959899,0.272945,0.187314,0.116731,-0.555629,-28.974354,22.466179,1.181229,,,,,,,
1530639421.155019,-2.913418,-1.296088,-2.196411,0.316813,2.282526,0.600753,-0.061361,0.962504,0.264236,0.190847,-0.316630,-0.494751,-28.041458,22.629425,-0.128281,,,,,,,
1530639421.174988,-2.936551,-1.281577,-2.256771,-1.531122,1.296999,0.649146,-0.058070,0.958467,0.279230,0.426371,-0.705598,0.070135,-27.135319,22.744354,-0.603569,,,,,,,
1530639421.194956,-2.969698,-1.248145,-2.306093,-1.710016,0.381473,0.233569,-0.054237,0.948398,0.312410,0.233238,-0.702777,-0.573228,-26.670170,23.057526,-0.501312,,,,,,,
1530639421.214925,-2.979059,-1.226208,-2.313039,-0.660611,-0.508789,-0.221960,-0.054664,0.941215,0.333357,0.192497,-0.716148,-1.012083,-26.357491,22.749344,-0.045311,,,,,,,
1530639421.234894,-2.991343,-1.226250,-2.295083,0.412066,-2.143521,-0.297365,-0.050559,0.941229,0.333965,0.218039,-0.776663,-1.207607,-26.175825,22.319519,0.591614,,,,,,,
1530639421.254862,-3.035160,-1.241555,-2.277657,0.959271,-3.296342,-0.115699,-0.034348,0.946288,0.321496,0.219956,-0.778930,-1.064400,-26.072105,22.008102,1.293320,,,,,,,
1530639421.274831,-3.088472,-1.257593,-2.268735,0.619088,-2.825130,-0.076366,-0.016359,0.951352,0.307673,0.147798,-0.756833,-0.573908,-25.955530,21.713364,2.577599,,,,,,,
1530639421.294800,-3.119958,-1.264143,-2.259369,0.240023,-1.490778,-0.176978,-0.006530,0.953349,0.301799,0.057846,-0.740642,-0.468638,-26.146568,21.567833,3.288940,,,,,,,
1530639421.314768,-3.120545,-1.272890,-2.240553,0.628012,-0.790024,-0.321180,-0.006177,0.955953,0.293454,0.047071,-0.769521,-0.702099,-26.252110,21.064392,3.222984,,,,,,,
1530639421.334737,-3.113488,-1.292913,-2.207435,1.252028,-1.682722,-0.564022,-0.007709,0.961638,0.274212,0.051105,-0.753554,-0.808040,-26.557907,20.620300,3.661858,,,,,,,
1530639421.354706,-3.089717,-1.326290,-2.131395,1.919436,-2.772056,-1.108104,-0.012552,0.970257,0.241751,-0.097128,-0.406750,-0.807058,-27.013197,19.511528,4.121613,,,,,,,
1530639421.374675,-3.013117,-1.348259,-2.007626,-0.046853,-1.523351,-1.518992,-0.028277,0.975341,0.218885,-0.026700,0.078752,0.263064,-27.661125,18.532539,5.140305,,,,,,,
1530639421.394643,-2.875754,-1.212617,-1.935527,-6.927151,7.727123,-2.259515,-0.092101,0.936537,0.338255,-0.325334,2.273989,6.427645,-28.687532,16.799179,4.251671,,,,,,,
1530639421.414612,-2.800494,-1.153521,-1.952892,-1.573396,0.162176,0.331351,-0.135573,0.914196,0.381923,1.219115,2.393222,0.956318,-28.574657,15.946037,2.912994,,,,,,,
1530639421.434581,-2.953131,-1.154772,-2.013968,0.430194,-6.949976,1.457747,-0.075712,0.914703,0.396971,0.849394,0.729218,-0.418837,-27.694351,16.626724,5.368584,,,,,,,
1530639421.454549,-3.128280,-1.181183,-2.066693,1.927105,-5.241766,0.842812,-0.005056,0.925056,0.379797,0.513800,0.241326,1.153300,-26.321692,17.476990,7.767494,,,,,,,
1530639421.474518,3.106293,-1.247960,-2.108693,3.909513,2.584964,0.595179,0.011197,0.948339,0.317060,-0.004880,0.567698,-0.910414,-25.744162,18.178322,6.749199,,,,,,,
1530639421.494487,-3.100498,-1.304051,-2.133074,1.551632,5.779961,0.190306,-0.010829,0.964634,0.263370,-0.272725,0.336407,-0.235752,-25.649940,18.852936,3.630783,,,,,,,
1530639421.514455,-2.999705,-1.303875,-2.139009,-0.478635,4.932197,-0.039116,-0.037299,0.964588,0.261113,0.044532,-0.487460,-0.674763,-25.296316,19.085190,1.086571,,,,,,,
1530639421.534425,-2.894992,-1.291571,-2.121420,-0.453414,4.060238,-0.538631,-0.067279,0.961269,0.267274,-0.006878,-0.841686,-0.805680,-25.040451,19.090973,-0.858025,,,,,,,
1530639421.554394,-2.791250,-1.287929,-2.080842,0.301594,2.733935,-0.502391,-0.095796,0.960259,0.262156,0.154268,-0.940423,-0.908686,-24.677933,18.985298,-2.492294,,,,,,,
1530639421.574361,-2.723757,-1.300018,-2.053642,0.906704,1.749970,0.161570,-0.108540,0.963563,0.244470,0.284946,-0.454179,-0.859460,-24.376024,18.757133,-3.745354,,,,,,,
1530639421.594331,-2.705785,-1.327472,-2.072052,1.255056,1.949371,1.161841,-0.101707,0.970542,0.218411,0.330436,0.140710,-0.737606,-23.878357,18.631615,-5.381210,,,,,,,
1530639421.614300,-2.745500,-1.362580,-2.155959,1.174066,2.102412,1.702705,-0.079753,0.978401,0.190709,0.193447,0.510490,-0.682850,-23.016644,19.278099,-6.492569,,,,,,,
1530639421.634267,-2.827292,-1.394805,-2.272974,1.105633,1.317862,1.497968,-0.054127,0.984553,0.166506,0.011937,0.561208,-0.758151,-22.106956,19.613098,-7.567993,,,,,,,
1530639421.654236,-2.913639,-1.424756,-2.377613,1.319291,0.607871,1.033896,-0.032885,0.989355,0.141754,-0.070783,0.420481,-0.626709,-21.439217,19.988594,-8.189964,,,,,,,
1530639421.674206,-2.979351,-1.457979,-2.450487,1.678972,0.162148,0.660135,-0.018184,0.993643,0.111094,-0.118169,0.156732,-0.440745,-20.725739,19.976906,-8.812561,,,,,,,
1530639421.694175,-3.039610,-1.496920,-2.509198,2.011985,-0.241777,0.469124,-0.007513,0.997272,0.073418,-0.133844,-0.104481,-0.319496,-20.612114,20.040993,-9.602943,,,,,,,
1530639421.714142,3.096860,-1.540454,-2.646524,2.248554,-0.610101,0.402272,0.001356,0.999540,0.030287,-0.145017,-0.276258,-0.211241,-20.329205,19.550529,-10.069595,,,,,,,
1530639421.734112,0.468365,-1.550912,1.023495,2.499562,-0.850557,0.361764,0.008964,0.999802,-0.017719,-0.187080,-0.320954,-0.141339,-20.217392,19.042633,-10.592438,,,,,,,
1530639421.754081,0.210673,-1.498119,0.782552,2.735655,-0.811869,0.343258,0.015183,0.997360,-0.071001,-0.231751,-0.211029,-0.041487,-20.435211,18.383568,-11.047356,,,,,,,
1530639421.774048,0.161371,-1.441184,0.741413,2.875343,0.387327,0.287156,0.020766,0.991612,-0.127568,-0.298858,-0.026753,0.098226,-20.313869,17.700287,-11.816681,,,,,,,
1530639421.794017,0.275195,-1.392181,0.703550,2.004358,9.931003,0.123525,0.048278,0.984091,-0.170982,-0.630920,0.020975,2.179465,-17.825174,16.811119,-14.919373,,,,,,,
1530639421.813987,0.428365,-1.364896,0.655054,1.225261,9.395603,0.000907,0.084924,0.978877,-0.185975,-0.277444,-0.011775,0.198365,-14.296209,16.123444,-18.127266,,,,,,,
1530639421.833954,0.521037,-1.340002,0.608700,1.709154,4.736934,0.317330,0.113867,0.973485,-0.198395,-0.193030,-0.067830,-0.086898,-11.079712,15.324036,-20.179832,,,,,,,
1530639421.853923,0.514804,-1.303186,0.594202,1.412229,-1.610855,1.008180,0.130194,0.964406,-0.230154,-0.105094,-0.092869,0.092169,-10.087736,14.529686,-20.602203,,,,,,,
1530639421.873893,0.494609,-1.275924,0.635213,0.651867,-3.463151,1.192861,0.137952,0.956839,-0.255788,-0.255247,-0.022971,0.147390,-10.801079,14.125221,-20.290970,,,,,,,
1530639421.893860,0.479814,-1.263273,0.691314,-0.085068,-3.170518,0.894753,0.139730,0.953086,-0.268519,-0.396673,0.029427,0.572382,-11.767803,14.103775,-19.660675,,,,,,,
1530639421.913829,0.468304,-1.259574,0.730475,-0.016702,-1.989615,0.454285,0.138221,0.951960,-0.273253,-0.458472,0.229040,0.424956,-12.513151,13.973946,-18.850655,,,,,,,
1530639421.933798,0.454567,-1.254811,0.742840,0.146597,-0.914946,0.206435,0.136443,0.950491,-0.279197,-0.426192,0.249232,0.329078,-12.677179,13.742683,-18.663193,,,,,,,
1530639421.953766,0.451358,-1.253375,0.751105,-0.097167,-0.396553,0.123096,0.136142,0.950043,-0.280861,-0.413394,0.230590,0.280693,-12.642345,13.680481,-18.200500,,,,,,,
1530639421.973735,0.457781,-1.257501,0.762600,-0.335581,-0.093373,0.032193,0.136209,0.951323,-0.276461,-0.450937,0.227311,0.244158,-12.367531,13.786278,-18.118645,,,,,,,
1530639421.993704,0.484730,-1.266699,0.774560,-0.700511,1.494241,-0.136372,0.139526,0.954118,-0.264937,-0.549591,0.195785,0.585448,-11.603762,13.616180,-18.012390,,,,,,,
1530639422.013672,0.535036,-1.293997,0.780277,-1.545713,2.640418,-0.939354,0.139337,0.961935,-0.235088,-0.849908,0.463007,0.580151,-10.374699,13.444160,-17.910736,,,,,,,
1530639422.033641,0.578458,-1.345308,0.752416,-2.163707,3.803245,-2.085490,0.122240,0.974685,-0.187207,-1.086687,0.551438,0.937406,-8.779427,13.749435,-17.608566,,,,,,,
1530639422.053610,0.522804,-1.406321,0.648831,-2.101604,0.917537,-2.557364,0.081754,0.986504,-0.141863,-0.869535,0.701835,0.502855,-7.725760,14.224129,-17.373741,,,,,,,
1530639422.073580,0.305891,-1.475863,0.459508,-2.950728,-2.592997,-2.505916,0.028545,0.995497,-0.090389,-0.171642,0.580720,0.321850,-7.698183,14.465111,-16.278801,,,,,,,
1530639422.093547,-0.694754,-1.531652,-0.466261,-3.013865,-4.456890,-2.433347,-0.025055,0.999234,-0.030065,-0.104340,0.450244,-0.308253,-8.651857,15.431206,-14.631485,,,,,,,
1530639422.113516,-2.026127,-1.492204,-1.696357,-2.965363,-5.466513,-2.183119,-0.070508,0.996913,0.034524,-0.086367,0.564259,-0.504815,-10.011925,16.370041,-12.929527,,,,,,,
1530639422.133485,-2.362430,-1.426303,-1.916454,-2.845601,-6.092860,-1.807775,-0.101177,0.989579,0.102447,-0.076908,0.835754,-0.514434,-11.116117,16.862526,-10.690216,,,,,,,
1530639422.153453,-2.542056,-1.366643,-1.972644,-2.423692,-6.176863,-1.333820,-0.114396,0.979233,0.167378,-0.027465,1.003906,-0.558705,-12.139641,17.630051,-8.212379,,,,,,,
1530639422.173422,-2.679706,-1.323718,-2.000170,-1.785847,-5.112101,-0.491001,-0.108990,0.969631,0.218943,0.201672,1.021137,-0.498561,-12.809277,18.682350,-6.114067,,,,,,,
1530639422.193391,-2.806342,-1.296175,-2.041889,-1.227197,-3.773282,0.154455,-0.089220,0.962528,0.256082,0.214693,0.761807,-0.430826,-12.616978,19.363716,-4.282875,,,,,,,
1530639422.213359,-2.889703,-1.289023,-2.080495,-0.055324,-1.272672,0.543360,-0.069301,0.960564,0.269282,0.229030,0.253944,-0.627482,-12.113859,20.262306,-3.300636,,,,,,,
1530639422.233328,-2.919498,-1.300873,-2.125106,0.600420,1.748869,0.814100,-0.058737,0.963791,0.260104,0.308569,-0.212037,-0.498157,-10.586002,21.194740,-3.271378,,,,,,,
1530639422.253297,-2.914208,-1.310207,-2.175116,-0.151309,2.834376,0.638608,-0.058081,0.966238,0.251014,0.305792,-0.546622,-0.318778,-9.522976,21.734169,-3.655701,,,,,,,
1530639422.273265,-2.912904,-1.289204,-2.221435,-1.556657,2.002467,0.162094,-0.062996,0.960614,0.270646,0.352898,-0.743192,-0.200319,-9.001196,22.640175,-3.056976,,,,,,,
1530639422.293234,-2.891610,-1.259605,-2.233785,-1.271269,1.458428,-0.358031,-0.075747,0.951969,0.296671,0.329272,-0.774983,-0.704523,-8.466366,23.074036,-2.746330,,,,,,,
1530639422.313203,-2.869885,-1.245129,-2.218817,-0.234813,-0.577562,-0.354098,-0.085864,0.947437,0.308200,0.433322,-0.870701,-1.198855,-8.137457,22.959679,-2.337982,,,,,,,
1530639422.333171,-2.899283,-1.251419,-2.202210,0.688397,-3.065763,-0.082584,-0.075336,0.949431,0.304799,0.455539,-0.885497,-1.329366,-8.185600,23.318069,-2.106918,,,,,,,
1530639422.353140,-2.959942,-1.268124,-2.189475,0.815788,-3.809334,0.003072,-0.053847,0.954543,0.293164,0.329360,-0.832793,-0.857877,-8.073462,23.215561,-1.892685,,,,,,,
1530639422.373109,-3.024285,-1.280281,-2.183469,0.517911,-3.139091,-0.006701,-0.033525,0.958096,0.284474,0.202821,-0.793042,-0.567692,-8.104582,23.392258,-1.853584,,,,,,,
1530639422.393078,-3.055989,-1.290704,-2.172377,0.603925,-1.544983,-0.177887,-0.023635,0.961030,0.275428,0.048385,-0.804795,-0.485877,-7.771509,23.334351,-1.688293,,,,,,,
1530639422.413046,-3.051823,-1.307082,-2.137905,1.004444,-1.803072,-0.549024,-0.023368,0.965428,0.259613,-0.070046,-0.794286,-0.669464,-7.871113,23.157280,-2.208649,,,,,,,
1530639422.433015,-3.042269,-1.332900,-2.069575,1.571746,-3.304187,-0.766150,-0.023367,0.971836,0.234492,-0.063943,-0.552082,-0.778804,-8.018085,22.993507,-2.508553,,,,,,,
1530639422.452984,-3.018975,-1.342544,-1.982006,-1.255044,-2.518543,-1.220785,-0.027675,0.974063,0.224571,-0.119435,-0.054965,0.379463,-8.283255,22.667213,-1.830093,,,,,,,
1530639422.472952,-2.924632,-1.187664,-1.947306,-6.697106,8.968572,-1.565724,-0.080470,0.927498,0.365060,-0.136647,2.251823,6.303199,-8.478411,23.493546,-0.135834,,,,,,,
1530639422.492921,-2.833930,-1.144314,-1.968477,-0.746113,0.852518,0.714130,-0.125271,0.910427,0.394243,1.285061,2.070057,0.453734,-7.787544,23.385063,0.505096,,,,,,,
1530639422.512890,-2.989337,-1.165029,-2.041882,1.234312,-6.422900,1.984502,-0.059866,0.918800,0.390154,0.940497,0.653206,-0.330263,-6.999794,23.953163,1.012550,,,,,,,
1530639422.532858,3.098370,-1.203481,-2.129696,2.330126,-4.370296,1.552388,0.015517,0.933295,0.358772,0.514253,0.426004,0.684456,-6.070566,24.338028,1.101624,,,,,,,
1530639422.552827,3.021467,-1.265159,-2.220507,3.260576,3.047491,0.947303,0.036058,0.953655,0.298728,-0.170733,0.782841,-1.068015,-5.407316,24.738525,0.030945,,,,,,,
1530639422.572796,3.069588,-1.295889,-2.271942,0.542078,5.298486,0.422005,0.019529,0.962450,0.270751,-0.134382,0.415662,-0.228865,-4.499689,24.823990,-0.652985,,,,,,,
1530639422.592764,-3.119833,-1.292734,-2.277392,-0.380207,4.616052,-0.141993,-0.005972,0.961589,0.274425,-0.049616,-0.421977,-0.775996,-4.041489,24.905205,-0.715469,,,,,,,
1530639422.612733,-3.014115,-1.283617,-2.247021,-0.345528,3.374231,-0.634763,-0.036010,0.959047,0.280946,-0.041093,-0.760209,-0.710222,-3.970533,24.858543,-0.631714,,,,,,,
1530639422.632702,-2.907999,-1.282587,-2.193583,0.390459,2.399810,-0.718503,-0.065793,0.958754,0.276512,-0.009143,-0.720839,-0.827461,-4.033401,24.860687,-0.742218,,,,,,,
1530639422.652671,-2.827017,-1.296802,-2.149036,1.119161,1.611991,-0.169231,-0.083720,0.962698,0.257298,0.123392,-0.165655,-0.855915,-4.061747,24.768867,-1.226624,,,,,,,
1530639422.672639,-2.794800,-1.324954,-2.140555,1.432049,1.002040,0.699172,-0.082717,0.969933,0.228881,0.112151,0.306785,-0.804900,-3.540699,24.843666,-1.613350,,,,,,,
1530639422.692608,-2.839900,-1.358523,-2.201279,1.305562,0.526732,1.433781,-0.062600,0.977554,0.201162,-0.018012,0.521225,-0.741293,-2.821611,24.812103,-2.199524,,,,,,,
1530639422.712577,-2.949473,-1.390624,-2.315828,1.312206,-0.090167,1.405930,-0.034215,0.983813,0.175896,-0.157176,0.438764,-0.653939,-2.180292,24.773903,-2.774834,,,,,,,
1530639422.732545,-3.065882,-1.423900,-2.426972,1.695796,-0.443543,0.926659,-0.011071,0.989230,0.145944,-0.208045,0.213605,-0.545236,-1.669825,24.565857,-3.387665,,,,,,,
1530639422.752514,3.118342,-1.464142,-2.516884,2.163076,-0.492389,0.465229,0.002475,0.994318,0.106418,-0.193408,-0.068399,-0.363360,-1.351656,24.555832,-4.012787,,,,,,,
1530639422.772483,2.991702,-1.511000,-2.633927,2.486189,-0.518211,0.193106,0.008922,0.998213,0.059079,-0.158474,-0.292494,-0.213422,-1.195913,23.952148,-5.095467,,,,,,,
1530639422.792451,2.086382,-1.557450,2.755229,2.700002,-0.631211,0.081353,0.011580,0.999911,0.006562,-0.131788,-0.406664,-0.128770,-1.075428,23.759407,-6.091141,,,,,,,
1530639422.812420,0.245372,-1.519581,0.927892,2.865945,-0.718274,0.052197,0.012433,0.998689,-0.049650,-0.142789,-0.367173,-0.076372,-0.987160,23.190536,-7.358505,,,,,,,
1530639422.832389,0.110661,-1.462022,0.804383,2.930347,-0.423129,-0.008544,0.011988,0.994090,-0.107891,-0.152598,-0.149409,0.023586,-1.002998,22.693275,-8.373596,,,,,,,
1530639422.852357,0.063386,-1.405255,0.753810,2.722649,0.738191,-0.158194,0.010438,0.986329,-0.164452,-0.172379,0.079451,0.163505,-0.781693,22.086914,-9.448204,,,,,,,
1530639422.872326,0.134968,-1.376769,0.719959,0.841315,7.364732,-0.189215,0.025944,0.981236,-0.191055,-0.150776,0.019146,1.867874,0.664684,21.664940,-9.947197,,,,,,,
1530639422.892295,0.260568,-1.367273,0.684909,0.490702,7.877738,-0.286545,0.052072,0.979361,-0.195296,-0.061044,0.002680,0.217574,2.558277,21.264565,-9.739105,,,,,,,
1530639422.912263,0.368174,-1.357301,0.648788,0.703230,6.647611,-0.084431,0.076257,0.977296,-0.197676,-0.073693,-0.004838,-0.014741,4.147648,21.130989,-9.554985,,,,,,,
1530639422.932232,0.434893,-1.317908,0.613717,3.054757,3.612409,0.838973,0.105412,0.968194,-0.226910,-0.096486,0.007621,-0.194584,5.455776,20.689980,-9.482834,,,,,,,
1530639422.952201,0.442653,-1.266464,0.608468,1.256576,-0.932376,0.918205,0.128353,0.954047,-0.270773,-0.482662,0.084344,1.122778,6.153522,20.132210,-10.186722,,,,,,,
1530639422.972170,0.435718,-1.259825,0.641064,-0.281130,-2.192826,0.479858,0.129144,0.952037,-0.277394,-0.522393,0.229665,0.528752,5.990337,19.958221,-10.205048,,,,,,,
1530639422.992138,0.428721,-1.265489,0.682435,-0.634284,-2.318369,0.452817,0.124956,0.953755,-0.273382,-0.358644,0.229824,0.194723,5.917210,19.813347,-9.826195,,,,,,,
1530639423.012107,0.433526,-1.275021,0.730647,-0.743447,-1.824885,0.453126,0.122443,0.956576,-0.264516,-0.425590,0.188275,0.243123,5.707138,19.833374,-9.911186,,,,,,,
1530639423.032076,0.459453,-1.275915,0.771465,0.097261,0.286938,0.568671,0.128880,0.956837,-0.260486,-0.516469,0.139843,0.399189,5.899918,19.600929,-9.762192,,,,,,,
1530639423.052044,0.505797,-1.269794,0.792478,-0.102575,1.751010,0.218713,0.143645,0.955040,-0.259355,-0.679930,0.236748,0.462388,6.515083,19.420860,-9.438538,,,,,,,
1530639423.072013,0.548941,-1.290909,0.795112,-1.433670,2.062583,-1.033937,0.144141,0.961087,-0.235660,-0.998542,0.501926,0.548846,7.007889,19.611351,-8.745827,,,,,,,
1530639423.091982,0.552055,-1.349134,0.746750,-2.473123,3.018524,-2.573470,0.115298,0.975533,-0.187192,-1.195682,0.558402,0.826062,7.179146,19.916733,-7.534088,,,,,,,
1530639423.111950,0.468846,-1.413554,0.609274,-2.034387,1.719183,-2.589806,0.070758,0.987663,-0.139695,-0.830966,0.546181,0.634675,6.929863,20.373428,-6.102898,,,,,,,
1530639423.131919,0.264543,-1.477848,0.417452,-2.906396,-2.030133,-2.169336,0.024267,0.995683,-0.089582,-0.214391,0.551069,0.312329,6.546741,20.835312,-5.260361,,,,,,,
1530639423.151888,-0.686045,-1.534043,-0.465364,-3.080653,-4.166888,-2.223078,-0.023268,0.999325,-0.028421,-0.182252,0.544697,-0.295691,6.022522,21.070541,-4.839256,,,,,,,
1530639423.171856,-2.097673,-1.492909,-1.776909,-3.202108,-5.541299,-2.212232,-0.067250,0.996968,0.039121,-0.179820,0.670695,-0.544614,5.145119,21.380791,-4.264732,,,,,,,
1530639423.191825,-2.421905,-1.420364,-1.981973,-3.144515,-6.248693,-1.927215,-0.098782,0.988706,0.112698,-0.119037,0.880556,-0.540921,4.230621,22.043953,-4.336845,,,,,,,
1530639423.211794,-2.590414,-1.354589,-2.024290,-2.656535,-6.279718,-1.454781,-0.112344,0.976718,0.182754,-0.053748,1.049527,-0.582778,3.286922,22.639915,-4.458641,,,,,,,
1530639423.231763,-2.718841,-1.305602,-2.039346,-2.042245,-5.316045,-0.679072,-0.107530,0.965042,0.239020,0.152025,1.055359,-0.520438,2.639648,23.067871,-4.785294,,,,,,,
1530639423.251731,-2.837612,-1.273162,-2.070910,-1.390314,-3.800427,0.096741,-0.087778,0.956033,0.279814,0.245264,0.808768,-0.459089,2.012794,23.985901,-5.244926,,,,,,,
1530639423.271700,-2.922340,-1.263016,-2.110838,-0.149124,-1.259789,0.600503,-0.065890,0.953008,0.295692,0.227435,0.326853,-0.662956,1.884941,24.742302,-5.736000,,,,,,,
1530639423.291669,-2.944086,-1.276530,-2.148055,0.857304,1.766205,0.689568,-0.056913,0.957015,0.284399,0.210874,-0.121856,-0.638205,2.325058,25.334679,-6.489365,,,,,,,
1530639423.311637,-2.912824,-1.294938,-2.175232,0.658898,3.234125,0.421586,-0.061768,0.962192,0.265277,0.268281,-0.472476,-0.437686,3.157021,25.726143,-7.365723,,,,,,,
1530639423.331606,-2.871997,-1.291437,-2.188030,-0.913325,1.991429,-0.028173,-0.073441,0.961232,0.265780,0.346100,-0.684133,-0.208773,3.751640,26.314888,-7.439049,,,,,,,
1530639423.351575,-2.864485,-1.261775,-2.200540,-1.574348,0.432799,-0.330625,-0.083202,0.952632,0.292525,0.382930,-0.785288,-0.508848,4.095200,26.923759,-7.363914,,,,,,,
1530639423.371543,-2.873247,-1.237627,-2.199848,-0.828884,-1.066937,-0.276779,-0.086710,0.945011,0.315334,0.406229,-0.834674,-0.995022,4.113140,27.637787,-7.232605,,,,,,,
1530639423.391512,-2.922273,-1.232916,-2.203094,0.090812,-2.978890,0.153932,-0.072120,0.943460,0.323548,0.453972,-0.907998,-1.253876,3.739330,28.132042,-7.622551,,,,,,,
1530639423.411481,-3.002949,-1.244710,-2.217092,0.739100,-3.423449,0.396175,-0.044271,0.947303,0.317264,0.335317,-0.835594,-0.997715,3.354519,28.386322,-8.727654,,,,,,,
1530639423.431449,-3.083077,-1.258665,-2.234073,0.536603,-3.005228,0.269846,-0.017959,0.951681,0.306562,0.146499,-0.760138,-0.574582,2.960110,28.529404,-9.813843,,,,,,,
1530639423.451418,-3.134507,-1.266866,-2.240240,0.412670,-1.764763,0.005366,-0.002120,0.954168,0.299264,0.028976,-0.707463,-0.477396,2.538857,28.598091,-10.797440,,,,,,,
1530639423.471387,3.135932,-1.281937,-2.229510,1.008223,-0.997001,-0.260444,0.001612,0.958569,0.284853,-0.009181,-0.741757,-0.662493,2.081726,28.854736,-12.033836,,,,,,,
1530639423.491356,3.141099,-1.310676,-2.188075,1.711941,-2.340625,-0.750057,0.000127,0.966359,0.257194,-0.132680,-0.587895,-0.836388,1.522675,28.722000,-13.476196,,,,,,,
1530639423.511324,-3.122454,-1.350462,-2.109833,1.981260,-2.875687,-0.971213,-0.004183,0.975824,0.218514,-0.010588,-0.323404,-0.557961,0.122948,28.262932,-15.481987,,,,,,,
1530639423.531293,-3.044161,-1.313456,-1.991403,-6.549294,-0.351243,-1.972478,-0.024758,0.967070,0.253300,-0.422249,0.751893,2.498485,-1.302549,28.405800,-15.994827,,,,,,,
1530639423.551262,-2.924326,-1.157690,-1.960949,-3.718230,6.639791,-0.819248,-0.086538,0.915878,0.392017,0.499899,2.856155,4.412473,-1.370420,30.928886,-12.747940,,,,,,,
1530639423.571230,-2.937542,-1.141818,-2.002163,0.031337,-1.752024,1.373824,-0.084285,0.909391,0.407311,1.153880,1.496508,-0.237389,-0.802727,32.441734,-11.991600,,,,,,,
1530639423.591199,-3.093462,-1.161229,-2.088447,0.933791,-4.186608,1.874462,-0.019159,0.917293,0.397750,0.736932,0.349629,0.462816,-0.970806,33.428741,-12.676170,,,,,,,
1530639423.611168,3.053841,-1.193163,-2.161885,2.127036,-2.477030,1.076189,0.032314,0.929540,0.367301,0.339756,0.113139,0.116861,-1.295467,34.648994,-13.852295,,,,,,,
1530639423.631136,3.020472,-1.252507,-2.216197,3.341883,2.588666,0.246417,0.037811,0.949772,0.310647,-0.124282,0.402050,-1.035989,-0.832993,34.939980,-15.646980,,,,,,,
1530639423.651105,3.100529,-1.301961,-2.207452,1.608781,3.966160,-0.600983,0.010904,0.964081,0.265383,-0.282617,0.222946,-0.518969,0.150673,34.901039,-17.605301,,,,,,,
1530639423.671074,-3.040831,-1.303395,-2.149087,-0.322139,4.339270,-0.826654,-0.026579,0.964461,0.262885,-0.041689,-0.455382,-0.201361,1.346733,35.717537,-18.029343,,,,,,,
1530639423.691043,-2.898577,-1.291513,-2.090210,-0.466278,4.159836,-0.892848,-0.066334,0.961253,0.267566,0.047489,-0.695918,-0.537723,2.742706,37.024841,-17.601715,,,,,,,
1530639423.711011,-2.782268,-1.281554,-2.046253,-0.124035,3.617468,-0.539968,-0.100297,0.958460,0.267010,0.158754,-0.665553,-0.642895,3.861183,38.045563,-17.464386,,,,,,,
1530639423.730980,-2.704324,-1.286820,-2.032449,0.550901,3.156672,0.292940,-0.118645,0.959949,0.253813,0.254799,-0.220645,-0.805449,5.262142,38.702362,-17.677795,,,,,,,
1530639423.750949,-2.679226,-1.309544,-2.063503,0.924016,2.661025,1.231354,-0.115215,0.966067,0.231170,0.246242,0.350675,-0.827865,7.071400,38.737679,-17.646988,,,,,,,
1530639423.770917,-2.709576,-1.340760,-2.138630,1.042889,1.911154,1.589931,-0.095470,0.973658,0.207064,0.109386,0.631277,-0.794894,9.037846,38.391701,-18.633774,,,,,,,
1530639423.790886,-2.757404,-1.372350,-2.213516,1.186761,1.052746,1.200307,-0.073892,0.980374,0.182775,-0.029746,0.540759,-0.673055,10.388866,38.298515,-19.223564,,,,,,,
1530639423.810855,-2.781252,-1.405150,-2.247852,1.580694,0.326055,0.748252,-0.058139,0.986312,0.154300,-0.074399,0.287690,-0.579410,11.129322,38.041107,-20.186592,,,,,,,
1530639423.830823,-2.768664,-1.444761,-2.231841,2.053027,-0.272368,0.580702,-0.045799,0.992068,0.117062,-0.075921,0.021100,-0.466000,11.605606,37.397217,-21.637642,,,,,,,
1530639423.850792,-2.710476,-1.490726,-2.160659,2.356240,-0.675339,0.572290,-0.033425,0.996796,0.072667,-0.083839,-0.187577,-0.297612,11.731056,36.453903,-23.320679,,,,,,,
1530639423.870761,-2.422570,-1.538760,-1.852760,2.503039,-0.997799,0.582115,-0.021096,0.999487,0.024101,-0.120719,-0.312323,-0.178840,11.775219,35.593124,-25.523972,,,,,,,
1530639423.890729,-0.334453,-1.542551,0.260867,2.601527,-1.219831,0.598331,-0.009269,0.999601,-0.026674,-0.160073,-0.338346,-0.103499,11.288837,34.674805,-27.728783,,,,,,,
1530639423.910698,0.013112,-1.491073,0.633952,2.683686,-1.068285,0.549647,0.001044,0.996824,-0.079631,-0.216254,-0.198682,0.000041,11.256832,33.201645,-29.766968,,,,,,,
1530639423.930667,0.069121,-1.439400,0.694264,2.279507,1.443989,0.284577,0.009049,0.991380,-0.130705,-0.301850,-0.011064,0.295165,12.074173,31.861160,-31.517624,,,,,,,
1530639423.950636,0.168332,-1.407434,0.686590,1.265161,6.862814,0.057289,0.027247,0.986686,-0.160336,-0.396648,-0.048850,1.289960,15.880756,31.284523,-30.961227,,,,,,,
1530639423.970604,0.288539,-1.389710,0.661324,0.782537,7.085585,-0.047579,0.051247,0.983649,-0.172652,-0.197060,-0.086325,0.260527,20.397366,31.010323,-28.867722,,,,,,,
1530639423.990573,0.390569,-1.375587,0.638116,0.755170,5.690131,0.128256,0.073848,0.981007,-0.179364,-0.166911,-0.114842,-0.019748,24.192516,30.957062,-27.148819,,,,,,,
1530639424.010542,0.455211,-1.347130,0.615366,2.045217,3.238293,0.551340,0.097517,0.975091,-0.199218,-0.141386,-0.062157,-0.049668,26.721493,30.145462,-26.527977,,,,,,,
1530639424.030510,0.460748,-1.300989,0.599194,1.830502,-0.024513,0.986565,0.118511,0.963822,-0.238750,-0.188655,0.066329,0.194743,27.822857,29.542953,-27.649498,,,,,,,
1530639424.050479,0.464160,-1.275200,0.627314,0.517050,-1.691054,0.835067,0.130411,0.956629,-0.260488,-0.431437,0.074713,0.432638,27.771088,29.321701,-28.849991,,,,,,,
1530639424.070448,0.459874,-1.268395,0.663401,-0.083362,-1.940415,0.526424,0.132180,0.954624,-0.266872,-0.492455,0.108410,0.445065,27.254280,29.700073,-30.751823,,,,,,,
1530639424.090416,0.454700,-1.265828,0.691383,-0.063459,-1.357684,0.385572,0.131873,0.953857,-0.269753,-0.458365,0.148576,0.357598,26.694077,30.339821,-32.150253,,,,,,,
1530639424.110385,0.453433,-1.266252,0.713252,-0.231060,-1.005473,0.225117,0.131354,0.953984,-0.269557,-0.451834,0.201931,0.275432,26.322895,31.503052,-33.224174,,,,,,,
1530639424.130354,0.449661,-1.270287,0.727107,-0.259746,-0.753371,0.007707,0.128662,0.955186,-0.266582,-0.452469,0.226180,0.233379,25.982502,32.818741,-33.998337,,,,,,,
1530639424.150323,0.435075,-1.275261,0.722685,-0.208390,-0.350841,-0.256218,0.122756,0.956646,-0.264119,-0.465255,0.266132,0.257939,25.618702,34.182114,-34.659081,,,,,,,
1530639424.170291,0.427250,-1.291365,0.710392,-1.038409,0.721320,-0.732928,0.114287,0.961213,-0.251016,-0.622496,0.474334,0.612970,25.446724,36.182999,-34.177406,,,,,,,
1530639424.190260,0.428758,-1.332686,0.675928,-2.083710,2.440760,-1.574152,0.098059,0.971785,-0.214516,-0.840720,0.610032,0.887200,25.651878,39.317375,-32.588058,,,,,,,
1530639424.210229,0.408303,-1.394315,0.599431,-2.562730,2.391662,-2.113926,0.069709,0.984468,-0.161134,-0.840568,0.622542,0.879808,25.493023,43.415020,-29.386024,,,,,,,
1530639424.230197,0.277585,-1.459054,0.450456,-2.910312,-0.191344,-2.120522,0.030557,0.993763,-0.107241,-0.359567,0.629619,0.518740,23.921143,47.633179,-26.861603,,,,,,,
1530639424.250166,-0.295892,-1.525676,-0.089610,-3.301628,-2.629224,-2.039665,-0.013152,0.998982,-0.043143,-0.023454,0.477565,0.055274,20.350975,52.161118,-24.462532,,,,,,,
1530639424.270135,-2.011980,-1.512472,-1.730266,-3.250082,-4.406499,-1.887011,-0.052712,0.998300,0.024892,-0.072472,0.445823,-0.564107,15.948158,56.121159,-21.959122,,,,,,,
1530639424.290102,-2.428585,-1.445383,-2.048499,-3.103597,-5.276647,-1.696476,-0.081819,0.992146,0.094613,-0.070540,0.605022,-0.563973,11.283543,59.391865,-19.380547,,,,,,,
1530639424.310072,-2.599027,-1.379418,-2.106963,-2.810555,-5.801476,-1.483192,-0.098213,0.981743,0.162895,-0.078514,0.796608,-0.569526,6.601173,62.044258,-16.048820,,,,,,,
1530639424.330041,-2.716747,-1.324771,-2.112102,-2.182260,-5.343599,-0.998037,-0.100386,0.969888,0.221898,0.029326,0.870993,-0.579137,2.860100,63.644611,-12.783234,,,,,,,
1530639424.350008,-2.823852,-1.287171,-2.127179,-1.649895,-4.217710,-0.209879,-0.087427,0.960047,0.265829,0.221658,0.766195,-0.450597,0.665379,64.616028,-9.737495,,,,,,,
1530639424.369978,-2.920148,-1.263141,-2.163250,-1.030123,-2.178650,0.381136,-0.066512,0.953046,0.295429,0.210463,0.452303,-0.443653,-0.042046,65.014282,-7.164474,,,,,,,
1530639424.389947,-2.966602,-1.253884,-2.202019,-0.333464,0.445200,0.530883,-0.054255,0.950202,0.306874,0.166819,0.028436,-0.469090,0.216888,64.960205,-5.538864,,,,,,,
1530639424.409916,-2.974235,-1.253119,-2.242127,-0.147163,2.017295,0.664822,-0.052032,0.949964,0.307996,0.231384,-0.350263,-0.446287,1.024693,64.800354,-4.452728,,,,,,,
1530639424.429883,-2.986416,-1.239532,-2.302171,-1.200834,2.217006,0.888410,-0.050267,0.945632,0.321330,0.422215,-0.638656,-0.134913,2.041279,64.857101,-2.619995,,,,,,,
1530639424.449853,-2.999759,-1.213665,-2.353425,-1.390056,1.406508,0.450799,-0.049417,0.936904,0.346076,0.219293,-0.635710,-0.568488,2.813335,64.935982,-0.020561,,,,,,,
1530639424.469822,-2.996235,-1.193558,-2.363970,-0.735630,0.134449,-0.168442,-0.053354,0.929685,0.364469,0.144709,-0.644239,-0.922346,2.559078,65.142921,1.809868,,,,,,,
1530639424.489789,-3.007147,-1.189056,-2.349403,0.143807,-2.115662,-0.322412,-0.049935,0.928018,0.369173,0.208611,-0.723260,-1.231874,2.162109,65.386780,2.659355,,,,,,,
1530639424.509759,-3.049749,-1.201167,-2.332847,0.896584,-3.096277,-0.149665,-0.033134,0.932461,0.359746,0.263297,-0.747723,-1.052785,1.650089,65.919418,1.992287,,,,,,,
1530639424.529727,-3.108716,-1.218722,-2.333410,0.770016,-2.708888,0.187902,-0.011335,0.938659,0.344659,0.297865,-0.770553,-0.583199,1.596424,66.263496,1.277428,,,,,,,
1530639424.549695,3.120932,-1.232884,-2.346633,0.738229,-1.629337,0.200992,0.006849,0.943449,0.331446,0.143389,-0.696379,-0.563395,1.693928,66.678192,0.665932,,,,,,,
1530639424.569664,3.089690,-1.252980,-2.354109,1.203274,-1.123610,0.000027,0.016212,0.949920,0.312070,0.076668,-0.684905,-0.728025,1.640755,67.454865,-0.141548,,,,,,,
1530639424.589633,3.068891,-1.284228,-2.343601,1.752432,-1.966263,-0.452090,0.020532,0.959219,0.281915,0.004065,-0.592520,-0.809838,1.134998,68.229446,-2.070877,,,,,,,
1530639424.609602,3.063752,-1.325584,-2.293458,2.069493,-2.930799,-0.987518,0.018878,0.970086,0.242027,-0.033511,-0.259179,-0.680732,-0.158005,68.800095,-4.474968,,,,,,,
1530639424.629570,3.118803,-1.323405,-2.185163,-3.506667,-1.628661,-1.610949,0.005580,0.969555,0.244812,-0.080211,0.436146,1.169983,-2.317863,69.931671,-4.317528,,,,,,,
1530639424.649539,-3.041714,-1.168364,-2.105756,-4.952803,5.056439,-0.871956,-0.039053,0.920111,0.389705,0.122854,2.644296,5.356984,-4.446209,70.621910,5.015503,,,,,,,
1530639424.669508,-3.030080,-1.141123,-2.135037,-0.240816,-0.845468,1.032735,-0.046357,0.909102,0.413985,1.039216,1.542085,0.189332,-4.531567,70.839294,8.594910,,,,,,,
1530639424.689476,3.109441,-1.148659,-2.213757,0.361683,-4.377038,1.822480,0.013171,0.912216,0.409498,0.792814,0.245835,0.039888,-1.947536,70.560654,9.255615,,,,,,,
1530639424.709445,2.978754,-1.166672,-2.290669,1.863316,-1.816015,1.122097,0.063748,0.919447,0.388010,0.527866,0.148027,0.639532,0.625683,70.670372,8.720314,,,,,,,
1530639424.729414,2.955638,-1.225849,-2.350549,3.479120,3.270628,0.117741,0.062518,0.941093,0.332316,-0.056766,0.535759,-1.305690,1.786343,70.473724,5.348923,,,,,,,
1530639424.749382,3.036428,-1.274770,-2.339455,1.328169,3.276336,-0.765253,0.030622,0.956503,0.290109,-0.161894,0.185739,-0.707391,1.620922,70.520004,2.453499,,,,,,,
1530639424.769351,-3.134055,-1.274006,-2.282956,-0.417289,2.904197,-0.825007,-0.002204,0.956280,0.292443,0.021965,-0.571469,-0.475335,0.692986,70.428070,2.811729,,,,,,,
1530639424.789320,-3.022921,-1.263138,-2.228875,-0.467469,3.002612,-0.846647,-0.035853,0.953045,0.300696,0.038599,-0.798337,-0.601721,-0.182606,70.680206,3.657532,,,,,,,
1530639424.809289,-2.922676,-1.256943,-2.186855,-0.002486,3.004567,-0.512940,-0.067047,0.951151,0.301357,0.120422,-0.711344,-0.703899,-1.172346,70.937576,4.331886,,,,,,,
1530639424.829257,-2.853508,-1.263929,-2.174790,0.625148,2.830547,0.197823,-0.085824,0.953285,0.289624,0.181390,-0.136085,-0.836942,-1.444466,71.165237,4.254089,,,,,,,
1530639424.849226,-2.825721,-1.287428,-2.200286,1.173411,2.452783,1.002283,-0.086853,0.960119,0.265757,0.176148,0.487314,-0.957621,-0.765446,71.197800,3.420784,,,,,,,
1530639424.869195,-2.844157,-1.319645,-2.264367,1.325595,1.970990,1.384446,-0.072833,0.968627,0.237605,0.063723,0.782594,-0.853877,1.021404,71.379471,2.146790,,,,,,,
1530639424.889163,-2.881702,-1.353656,-2.333436,1.495886,1.189146,1.096284,-0.055362,0.976518,0.208201,-0.078443,0.655227,-0.757792,2.853699,71.203461,0.778145,,,,,,,
1530639424.909132,-2.907894,-1.391291,-2.375643,1.874173,0.527886,0.761195,-0.041346,0.983932,0.173687,-0.106634,0.330872,-0.609783,4.053551,70.970566,-1.454781,,,,,,,
1530639424.929101,-2.928355,-1.435453,-2.401238,2.240984,0.102284,0.670026,-0.028555,0.990855,0.131874,-0.095408,0.074193,-0.438529,5.319393,70.612640,-3.983353,,,,,,,
1530639424.949069,-2.957427,-1.485175,-2.430043,2.495079,-0.069769,0.635209,-0.015660,0.996337,0.084070,-0.123744,-0.120009,-0.263376,6.177769,70.140915,-7.066536,,,,,,,
1530639424.969038,-3.013642,-1.538193,-2.484266,2.650223,-0.116455,0.514690,-0.004159,0.999469,0.032330,-0.185782,-0.235125,-0.136990,7.368183,69.033539,-12.142868,,,,,,,
1530639424.989007,0.145002,-1.549198,0.674346,2.644868,0.242964,0.261946,0.003120,0.999767,-0.021366,-0.268714,-0.256023,-0.012814,7.956940,68.266327,-15.185196,,,,,,,
1530639425.008976,0.110436,-1.512736,0.568344,1.529063,5.296371,-0.117015,0.006395,0.998315,-0.057673,-0.616747,-0.248315,1.580149,9.494701,67.695175,-16.631973,,,,,,,
1530639425.028944,0.153030,-1.483137,0.480858,1.589120,6.822679,-0.060679,0.013345,0.996160,-0.086524,-0.417703,-0.117346,0.531303,11.779667,67.175873,-16.977829,,,,,,,
1530639425.048913,0.228628,-1.445916,0.432365,1.970258,5.531579,0.170622,0.028230,0.992213,-0.121315,-0.238114,-0.108881,0.153206,14.015739,66.640915,-17.939087,,,,,,,
1530639425.068882,0.271199,-1.412571,0.395713,1.408738,2.990589,0.164353,0.042210,0.987508,-0.151806,-0.151905,-0.106283,-0.003772,15.439655,66.162476,-18.815376,,,,,,,
1530639425.088850,0.298052,-1.392006,0.388756,0.826070,1.000620,0.294706,0.052224,0.984060,-0.169997,-0.113335,-0.243200,0.016463,16.361496,65.853455,-19.451553,,,,,,,
1530639425.108819,0.314277,-1.374086,0.406570,0.881192,-0.718665,0.522022,0.060417,0.980715,-0.185871,-0.053703,-0.327059,0.038135,16.811523,65.519791,-20.589767,,,,,,,
1530639425.128788,0.313932,-1.348282,0.438677,1.221648,-1.961877,0.854289,0.068147,0.975346,-0.209897,-0.019563,-0.248280,0.056547,16.803539,65.170227,-22.693108,,,,,,,
1530639425.148757,0.318270,-1.317818,0.489681,1.287790,-2.405259,1.113530,0.078321,0.968171,-0.237719,-0.089506,-0.062699,0.157900,16.951920,64.453369,-25.146523,,,,,,,
1530639425.168725,0.312814,-1.287769,0.531749,1.089559,-1.957383,0.849251,0.085940,0.960214,-0.265711,-0.290316,0.263723,0.485728,16.786423,63.872356,-27.161057,,,,,,,
1530639425.188694,0.321784,-1.278222,0.558817,-0.065530,-0.368383,0.358012,0.091215,0.957505,-0.273615,-0.529066,0.416290,0.955393,17.006081,63.832333,-27.837578,,,,,,,
1530639425.208663,0.343538,-1.283408,0.588110,-0.534015,-0.377937,0.325209,0.095471,0.958987,-0.266887,-0.397672,0.329587,0.167201,17.051025,64.166214,-27.267731,,,,,,,
1530639425.228631,0.375148,-1.294032,0.632449,-0.802303,-0.653519,0.439987,0.100119,0.961945,-0.254240,-0.448874,0.280014,0.128188,17.338299,64.649536,-26.302238,,,,,,,
1530639425.248600,0.420024,-1.300890,0.688869,-0.306296,-0.113355,0.685365,0.108732,0.963796,-0.243464,-0.543927,0.222316,0.170543,17.573376,65.047073,-25.823853,,,,,,,
1530639425.268569,0.467460,-1.292635,0.728723,0.219440,0.769847,0.490962,0.123735,0.961562,-0.245130,-0.806123,0.343446,0.200040,18.417053,64.944199,-25.394371,,,,,,,
1530639425.288538,0.510532,-1.306668,0.721786,-1.245941,3.440461,-1.070278,0.127568,0.965321,-0.227777,-1.364995,0.663052,1.188028,18.695473,65.953598,-23.349495,,,,,,,
1530639425.308506,0.535559,-1.369057,0.673077,-2.944571,3.106499,-2.502229,0.102255,0.979720,-0.172318,-1.297522,0.654451,1.046708,17.201630,68.019638,-18.669228,,,,,,,
1530639425.328475,0.424552,-1.441412,0.545407,-2.533764,-0.745416,-2.630875,0.053147,0.991642,-0.117570,-0.600891,0.575329,0.177171,13.569042,70.228790,-14.699509,,,,,,,
1530639425.348444,-0.073012,-1.507446,0.094106,-2.937520,-3.186693,-2.696585,-0.004618,0.997994,-0.063141,-0.105169,0.399299,0.231003,8.827950,72.064301,-11.084251,,,,,,,
1530639425.368412,-1.574322,-1.510600,-1.321518,-3.061582,-5.042926,-2.611463,-0.060160,0.998189,0.000212,-0.040243,0.442485,-0.381972,4.010029,73.099640,-7.140007,,,,,,,
1530639425.388381,-2.167880,-1.443163,-1.801890,-3.108475,-6.083403,-2.364685,-0.105263,0.991866,0.071565,-0.032966,0.630250,-0.555512,-0.587502,73.870605,-2.784004,,,,,,,
1530639425.408350,-2.408496,-1.372256,-1.916856,-2.940686,-6.427081,-1.841811,-0.131986,0.980356,0.146568,0.014768,0.817115,-0.540642,-4.129057,74.037422,1.834999,,,,,,,
1530639425.428319,-2.576852,-1.314994,-1.966597,-2.403135,-5.686357,-0.908893,-0.135417,0.967461,0.213735,0.178263,0.989494,-0.543431,-5.865499,73.402191,6.257446,,,,,,,
1530639425.448287,-2.727065,-1.277410,-2.020270,-1.677044,-4.279893,0.163277,-0.116476,0.957270,0.264702,0.269613,0.998785,-0.530724,-5.891863,72.862885,9.884895,,,,,,,
1530639425.468256,-2.833718,-1.268314,-2.083782,-0.089320,-0.965449,0.975532,-0.090271,0.954600,0.283884,0.315430,0.651952,-0.706476,-4.682007,71.865891,11.147614,,,,,,,
,,,,,,,,,,,,,,,,39.779273,-84.064247,293.084808,-1.000000,-1.000000,1530639425.451757,
1530639425.488225,-2.871682,-1.288096,-2.148363,0.934188,2.320475,1.149793,-0.074381,0.960306,0.268851,0.355722,0.119696,-0.663031,-3.389635,71.553146,10.326675,,,,,,,
1530639425.508193,-2.862752,-1.302540,-2.200347,-0.255591,2.601051,0.701145,-0.072953,0.964235,0.254813,0.323121,-0.293290,-0.405723,-2.813036,71.202332,9.982376,,,,,,,
1530639425.528163,-2.921139,-1.264558,-2.277374,-2.790256,0.089569,0.512224,-0.065924,0.953474,0.294178,0.504706,-0.668394,0.030742,-2.285860,70.326408,12.890312,,,,,,,
1530639425.548131,-2.978349,-1.212037,-2.335511,-2.517642,-0.060926,0.392113,-0.057063,0.936333,0.346446,0.405757,-0.659600,-0.664286,-1.789286,69.113968,16.759903,,,,,,,
1530639425.568100,-3.006014,-1.178118,-2.365924,-1.263008,-0.083262,0.210373,-0.051722,0.923887,0.379152,0.318385,-0.705107,-0.953402,-1.422491,68.635803,19.264717,,,,,,,
1530639425.588069,-3.033849,-1.169555,-2.373225,-0.016565,-1.864272,0.048286,-0.041999,0.920577,0.388296,0.218177,-0.713241,-1.265493,-0.998348,68.286453,20.068275,,,,,,,
1530639425.608038,-3.092753,-1.178824,-2.376003,0.694161,-3.159848,0.113192,-0.018650,0.924157,0.381556,0.225224,-0.741708,-1.101252,0.190269,68.061432,19.582962,,,,,,,
1530639425.628006,3.125898,-1.192948,-2.378495,0.614328,-2.900685,-0.005504,0.005790,0.929461,0.368876,0.089013,-0.711992,-0.625453,1.152950,68.432991,19.034492,,,,,,,
1530639425.647975,3.094078,-1.204021,-2.371270,0.579242,-1.275160,-0.244274,0.017033,0.933489,0.358202,-0.022556,-0.694261,-0.478853,1.519756,68.775406,18.525307,,,,,,,
1530639425.667944,3.105176,-1.223263,-2.348271,1.225693,-0.332491,-0.583116,0.012400,0.940216,0.340353,-0.100504,-0.765686,-0.728491,1.000874,69.471664,17.280685,,,,,,,
1530639425.687912,3.128745,-1.256534,-2.294115,1.874448,-2.318163,-1.132403,0.003971,0.951025,0.309090,-0.188984,-0.637060,-0.976891,0.242561,70.246353,15.620285,,,,,,,
1530639425.707881,-3.135767,-1.301381,-2.202590,2.388298,-3.743052,-1.355063,-0.001551,0.963927,0.266162,-0.045065,-0.348051,-0.802539,-0.949085,71.421219,13.060112,,,,,,,
1530639425.727850,-3.085879,-1.316579,-2.086999,-1.964395,-2.214818,-1.687389,-0.014004,0.967860,0.251096,-0.108905,0.267735,0.788867,-2.561699,72.326393,12.737320,,,,,,,
1530639425.747818,-2.979020,-1.163814,-2.032394,-5.460961,6.990059,-1.103118,-0.064069,0.918320,0.390619,0.048994,2.407928,5.715780,-5.590260,71.096252,21.409737,,,,,,,
1530639425.767787,-2.916116,-1.133131,-2.057101,-0.191328,1.092180,0.831237,-0.094755,0.905744,0.413096,1.011427,1.847018,0.499059,-7.173187,69.978477,24.511208,,,,,,,
1530639425.787756,-3.018289,-1.156323,-2.121597,1.422943,-3.432260,1.797387,-0.049530,0.915329,0.399648,0.777923,0.376252,-0.301031,-4.635998,69.880249,24.047283,,,,,,,
1530639425.807725,3.129191,-1.185130,-2.210355,1.281835,-1.754684,1.699127,0.004665,0.926548,0.376146,0.569401,-0.185627,1.041624,-1.091591,69.782730,22.478508,,,,,,,
1530639425.827693,3.069960,-1.220187,-2.287976,2.315533,2.320027,0.989459,0.024583,0.939163,0.342589,0.156631,0.151748,-0.782942,0.722904,69.915115,20.198578,,,,,,,
1530639425.847662,3.114758,-1.263875,-2.314878,1.798594,3.510962,-0.075648,0.008106,0.953268,0.302016,-0.002812,0.339029,-0.993040,0.524105,70.279945,17.658195,,,,,,,
1530639425.867631,-3.078619,-1.278920,-2.286143,0.248351,3.033369,-0.539207,-0.018109,0.957706,0.287179,0.134838,-0.066241,-0.576150,-0.655029,70.372307,16.626656,,,,,,,
1530639425.887599,-2.977946,-1.276417,-2.247031,-0.140552,3.221321,-0.562193,-0.047270,0.956982,0.286269,0.158048,-0.500470,-0.532469,-2.030064,70.085960,16.676041,,,,,,,
1530639425.907568,-2.887089,-1.274197,-2.219233,0.114299,3.232728,-0.308163,-0.073583,0.956336,0.282855,0.169195,-0.496070,-0.585757,-3.375723,70.030434,16.915871,,,,,,,
1530639425.927537,-2.810506,-1.284043,-2.207087,0.774103,3.208140,0.182955,-0.091943,0.959167,0.267477,0.178414,-0.129715,-0.709372,-4.190725,70.141190,16.193947,,,,,,,
1530639425.947505,-2.764706,-1.308881,-2.219408,1.256544,2.654839,0.833040,-0.095293,0.965896,0.240757,0.206057,0.277299,-0.765324,-4.160421,70.228355,14.741180,,,,,,,
1530639425.967474,-2.766743,-1.342654,-2.268528,1.381505,2.068416,1.341174,-0.082807,0.974088,0.210462,0.139982,0.476092,-0.652342,-3.247694,70.732765,13.180656,,,,,,,
1530639425.987443,-2.813263,-1.378904,-2.348674,1.430533,1.263287,1.392851,-0.061498,0.981645,0.180528,-0.026118,0.461608,-0.598115,-1.596144,70.662033,11.250565,,,,,,,
1530639426.007412,-2.890737,-1.414258,-2.441347,1.500447,0.379255,1.200184,-0.038699,0.987773,0.151017,-0.100721,0.265309,-0.491700,0.118343,70.628914,9.294746,,,,,,,
1530639426.027380,-2.990435,-1.450272,-2.542426,1.709198,-0.146737,0.947357,-0.018104,0.992746,0.118858,-0.145866,0.083792,-0.375572,1.735943,70.440468,7.381027,,,,,,,
1530639426.047349,-3.120527,-1.488508,-2.666529,1.929353,-0.439881,0.705245,-0.001731,0.996616,0.082173,-0.184792,-0.127293,-0.257176,2.927284,70.446899,4.757698,,,,,,,
1530639426.067318,2.890705,-1.528145,-2.926527,2.116597,-0.717897,0.512089,0.010582,0.999091,0.041291,-0.220940,-0.282400,-0.179673,3.847897,70.397964,2.109230,,,,,,,
1530639426.087286,1.395347,-1.551246,1.876914,2.290798,-0.816328,0.370625,0.019235,0.999809,-0.003410,-0.263299,-0.326606,-0.103081,4.327007,70.171585,-0.994431,,,,,,,
1530639426.107255,0.457121,-1.513763,0.951494,2.409956,-0.515492,0.282366,0.025155,0.998374,-0.051142,-0.298455,-0.235084,0.012873,4.693104,69.676285,-4.247696,,,,,,,
1530639426.127224,0.300679,-1.467312,0.776212,2.410627,2.897870,0.115474,0.030593,0.994650,-0.098660,-0.404097,-0.070135,0.576459,4.994419,69.522461,-7.216743,,,,,,,
1530639426.147192,0.306615,-1.426717,0.672851,1.851504,6.329245,-0.075567,0.043336,0.989639,-0.136881,-0.435319,0.012360,0.795771,6.001099,69.027489,-9.650894,,,,,,,
1530639426.167161,0.371109,-1.400568,0.607016,1.165248,6.273897,-0.021058,0.061434,0.985546,-0.157872,-0.234255,-0.077953,0.261601,7.374664,68.628708,-10.745720,,,,,,,
1530639426.187130,0.452910,-1.384161,0.579325,0.705535,4.934641,0.189856,0.081194,0.982634,-0.166842,-0.181536,-0.101286,0.082004,8.708443,68.343933,-10.863693,,,,,,,
1530639426.207099,0.505021,-1.361098,0.561088,1.495042,2.261656,0.529849,0.100714,0.978094,-0.182175,-0.094198,-0.039190,0.146012,10.197285,67.764450,-11.345139,,,,,,,
1530639426.227067,0.508824,-1.326843,0.560362,1.308321,-0.723197,0.997391,0.117665,0.970391,-0.210939,-0.166936,0.009758,0.007723,11.516853,67.127213,-14.034065,,,,,,,
1530639426.247036,0.518131,-1.299812,0.604183,0.709286,-2.086568,1.190259,0.132570,0.963508,-0.232545,-0.291734,-0.030647,0.119538,11.971401,66.812241,-15.393242,,,,,,,
1530639426.267005,0.515000,-1.279135,0.650524,0.554864,-2.362096,0.972714,0.141625,0.957768,-0.250246,-0.407799,-0.020680,0.290865,12.440090,66.006104,-16.784752,,,,,,,
1530639426.286973,0.510662,-1.264640,0.680402,0.258962,-1.248750,0.581108,0.147308,0.953499,-0.262943,-0.539215,0.165138,0.665302,12.658600,65.477615,-17.246819,,,,,,,
1530639426.306942,0.508933,-1.262649,0.702661,-0.266636,-1.184263,0.220326,0.147778,0.952897,-0.264855,-0.488033,0.274566,0.254936,12.151272,65.788589,-17.315475,,,,,,,
1530639426.326911,0.502450,-1.270633,0.722713,-0.588770,-1.312828,-0.009818,0.142389,0.955288,-0.259131,-0.454294,0.270694,0.199698,11.378197,65.855667,-16.988091,,,,,,,
1530639426.346880,0.486250,-1.278443,0.725903,-0.131044,-0.580736,-0.219325,0.134682,0.957568,-0.254800,-0.428521,0.225552,0.261361,10.574059,65.850784,-16.640152,,,,,,,
1530639426.366848,0.474784,-1.285113,0.711489,-0.468155,0.578946,-0.445257,0.128829,0.959469,-0.250642,-0.479400,0.315967,0.517823,9.697330,66.044472,-16.025391,,,,,,,
1530639426.386817,0.491331,-1.316559,0.698136,-1.887239,2.029820,-1.223393,0.118661,0.967855,-0.221755,-0.773736,0.555124,0.918883,8.530548,66.399239,-13.420517,,,,,,,
1530639426.406786,0.514274,-1.379231,0.674042,-2.780768,2.115993,-1.988905,0.093656,0.981707,-0.165767,-0.911756,0.640348,0.873881,6.165958,67.056946,-9.696579,,,,,,,
1530639426.426754,0.435289,-1.441533,0.575258,-2.352780,0.197707,-2.215189,0.054354,0.991657,-0.116882,-0.555621,0.629650,0.226684,3.131485,67.287323,-6.453278,,,,,,,
1530639426.446723,0.122328,-1.508941,0.279499,-3.066094,-1.583387,-2.272255,0.007543,0.998088,-0.061352,-0.095281,0.423620,0.267758,-0.159103,66.991150,-2.600227,,,,,,,
1530639426.466692,-1.637086,-1.530433,-1.425467,-3.159388,-3.456103,-2.359022,-0.040256,0.999186,0.002672,-0.106320,0.430304,-0.421221,-3.734856,66.531998,1.330414,,,,,,,
1530639426.486660,-2.271934,-1.461590,-1.977471,-3.102372,-4.571827,-2.250693,-0.083280,0.994043,0.070308,-0.036746,0.595831,-0.524272,-6.729626,65.395363,5.598366,,,,,,,
1530639426.506629,-2.461996,-1.390465,-2.068711,-2.902092,-5.167481,-1.848019,-0.112721,0.983784,0.139508,0.008153,0.818050,-0.533108,-8.812769,63.843651,9.578773,,,,,,,
1530639426.526599,-2.594772,-1.331371,-2.099340,-2.409513,-5.066348,-1.171154,-0.123309,0.971474,0.202565,0.135318,0.970908,-0.552235,-9.686979,62.205170,12.909683,,,,,,,
1530639426.546568,-2.719413,-1.288036,-2.129252,-1.876982,-4.570759,-0.388201,-0.114323,0.960289,0.254510,0.262562,0.909218,-0.493203,-9.385582,60.617958,15.457458,,,,,,,
1530639426.566536,-2.826820,-1.264750,-2.161829,-0.825449,-3.170263,0.254458,-0.093280,0.953532,0.286488,0.278278,0.560292,-0.619481,-8.355629,59.435577,16.722313,,,,,,,
1530639426.586505,-2.895018,-1.264315,-2.200203,0.138248,-0.611527,0.708419,-0.073641,0.953401,0.292581,0.298739,0.066100,-0.524682,-7.490334,58.617714,16.376106,,,,,,,
1530639426.606474,-2.945447,-1.266336,-2.264307,-0.704567,0.945554,1.146617,-0.058424,0.954009,0.294031,0.401228,-0.413237,-0.066934,-6.589647,57.965286,16.119934,,,,,,,
1530639426.626442,-3.008329,-1.240462,-2.355958,-1.785518,1.325906,1.110369,-0.043098,0.945934,0.321483,0.349448,-0.614361,-0.168666,-5.802900,57.169743,16.935699,,,,,,,
1530639426.646411,-3.028803,-1.210110,-2.411267,-1.397780,1.718647,0.490135,-0.039721,0.935655,0.350674,0.182604,-0.616212,-0.647686,-5.676762,56.204971,18.037140,,,,,,,
1530639426.666380,-3.003795,-1.194040,-2.418695,-0.433480,1.381003,-0.216349,-0.050536,0.929863,0.364418,0.153106,-0.604439,-0.903695,-6.247501,55.556847,18.092728,,,,,,,
1530639426.686349,-2.977578,-1.194842,-2.396294,0.370029,-0.636691,-0.452511,-0.059950,0.930158,0.362232,0.259733,-0.700391,-1.143116,-6.737638,55.328983,17.683212,,,,,,,
1530639426.706317,-3.000881,-1.206045,-2.375032,0.710858,-2.841264,-0.142140,-0.050029,0.934213,0.353191,0.363383,-0.732797,-1.157405,-6.599588,55.022083,16.747780,,,,,,,
1530639426.726286,-3.062885,-1.218324,-2.376901,0.520253,-2.828200,0.212631,-0.027143,0.938522,0.344150,0.332197,-0.736465,-0.665882,-5.933495,54.740086,16.098663,,,,,,,
1530639426.746255,-3.111987,-1.228936,-2.390896,0.568798,-1.118585,0.261343,-0.009924,0.942132,0.335092,0.173376,-0.718973,-0.557733,-5.340807,54.920742,15.623367,,,,,,,
1530639426.766223,-3.126895,-1.245941,-2.400482,1.053153,0.013746,0.120354,-0.004691,0.947697,0.319136,0.076331,-0.758000,-0.675658,-5.220562,54.782772,14.633377,,,,,,,
1530639426.786192,-3.125308,-1.273698,-2.389561,1.554530,-1.070302,-0.382030,-0.004767,0.956190,0.292707,-0.036523,-0.701063,-0.827176,-5.452505,54.720757,13.142731,,,,,,,
1530639426.806161,-3.113982,-1.311355,-2.325440,2.103344,-3.052011,-1.020823,-0.007082,0.966533,0.256442,-0.116804,-0.335644,-0.880618,-6.078726,54.864441,11.574577,,,,,,,
1530639426.826130,-3.068400,-1.335604,-2.210893,-0.403681,-3.055081,-1.575429,-0.017041,0.972469,0.232406,-0.063022,0.205021,0.162308,-7.178688,54.705364,11.081146,,,,,,,
1530639426.846098,-2.980651,-1.174482,-2.127629,-7.573989,3.270646,-1.914966,-0.061859,0.922490,0.381032,-0.398483,2.481593,6.533350,-9.642645,52.602280,18.082268,,,,,,,
1530639426.866067,-2.928018,-1.128619,-2.138278,-0.373022,0.981167,0.610464,-0.090697,0.903822,0.418186,0.737700,1.950075,0.970989,-10.771191,51.149582,19.414436,,,,,,,
1530639426.886036,-3.011385,-1.150438,-2.186370,1.387616,-3.201853,1.365305,-0.052986,0.912943,0.404633,0.656456,0.407217,-0.157791,-9.401453,51.241127,18.033714,,,,,,,
1530639426.906004,-3.106554,-1.176000,-2.248500,1.173248,-0.732486,1.229586,-0.013474,0.923075,0.384384,0.463684,-0.256128,1.389420,-7.911898,50.977333,16.603363,,,,,,,
1530639426.925973,-3.127624,-1.218917,-2.298651,2.853324,2.469437,0.749323,-0.004814,0.938726,0.344629,0.082268,0.182093,-1.146844,-7.483162,51.091358,13.615509,,,,,,,
1530639426.945942,-3.072730,-1.275801,-2.304045,2.360196,2.852109,-0.129035,-0.020005,0.956804,0.290045,-0.066238,0.409560,-1.246009,-7.856388,51.307823,9.653313,,,,,,,
1530639426.965910,-2.991820,-1.292087,-2.273642,0.019628,2.601854,-0.385697,-0.041051,0.961411,0.272035,0.164479,-0.106324,-0.428147,-8.624659,50.897732,7.756317,,,,,,,
1530639426.985879,-2.910219,-1.282402,-2.251566,-0.538287,3.233565,-0.398276,-0.065220,0.958702,0.276833,0.184681,-0.602318,-0.469368,-9.338223,50.297314,6.965569,,,,,,,
1530639427.005848,-2.828142,-1.270881,-2.234045,-0.381031,3.258869,-0.393357,-0.091097,0.955361,0.281044,0.156740,-0.724038,-0.516442,-9.924248,50.067940,6.230728,,,,,,,
1530639427.025817,-2.750062,-1.269051,-2.215581,0.240778,2.970882,-0.123118,-0.113408,0.954819,0.274698,0.159840,-0.399369,-0.691111,-10.597988,49.665077,5.226990,,,,,,,
1530639427.045785,-2.698581,-1.282267,-2.212832,0.783788,2.401887,0.558603,-0.121973,0.958663,0.257074,0.240259,0.183137,-0.771356,-10.546099,49.366627,4.078156,,,,,,,
1530639427.065754,-2.693570,-1.308520,-2.245498,1.052831,1.773137,1.274232,-0.112316,0.965802,0.233691,0.193249,0.634494,-0.770083,-9.633896,49.456947,2.209404,,,,,,,
1530639427.085723,-2.738868,-1.342288,-2.315048,1.241448,0.951929,1.569163,-0.088781,0.974005,0.208401,0.030141,0.703882,-0.689267,-8.230993,49.225124,0.802719,,,,,,,
1530639427.105691,-2.813482,-1.379127,-2.393362,1.537969,-0.105440,1.368930,-0.061389,0.981688,0.180335,-0.101728,0.462831,-0.599891,-7.003080,49.043396,-1.192207,,,,,,,
1530639427.125660,-2.897838,-1.420055,-2.463625,1.934841,-0.804491,1.070122,-0.036244,0.988660,0.145732,-0.146969,0.183184,-0.449443,-5.851141,48.861366,-3.165543,,,,,,,
1530639427.145629,-2.989702,-1.465695,-2.531842,2.261083,-1.119605,0.807358,-0.015874,0.994482,0.103701,-0.173381,-0.075109,-0.282244,-5.207504,48.375420,-5.535950,,,,,,,
1530639427.165598,-3.138390,-1.514688,-2.653676,2.480637,-1.194642,0.633164,-0.000180,0.998426,0.056079,-0.183170,-0.271116,-0.146717,-4.702469,47.651764,-7.977211,,,,,,,
1530639427.185566,1.897723,-1.559020,2.408303,2.721949,-1.018180,0.485848,0.011158,0.999931,0.003784,-0.223240,-0.358207,-0.044204,-4.582188,46.849903,-10.667114,,,,,,,
1530639427.205535,0.387156,-1.510971,0.882687,2.953732,2.452189,0.524918,0.022574,0.998211,-0.055365,-0.407126,-0.394329,0.881659,-4.093836,45.866158,-13.328918,,,,,,,
1530639427.225504,0.330574,-1.461368,0.751930,2.251268,4.405274,0.202093,0.035448,0.994019,-0.103297,-0.414660,-0.132248,0.666606,-2.867386,44.634598,-15.998390,,,,,,,
1530639427.245472,0.334219,-1.425990,0.668022,1.630174,4.401494,-0.019948,0.047335,0.989534,-0.136316,-0.218615,-0.023958,0.467294,-1.282747,43.590450,-17.880386,,,,,,,
1530639427.265441,0.348727,-1.403755,0.613436,0.942787,3.020938,-0.051634,0.056813,0.986081,-0.156257,-0.135686,-0.048108,0.199333,-0.025101,42.716671,-19.160957,,,,,,,
1530639427.285410,0.364261,-1.390901,0.590571,0.594011,1.573041,0.060508,0.063744,0.983862,-0.167185,-0.119957,-0.127417,0.003092,0.838047,42.094284,-20.250000,,,,,,,
1530639427.305379,0.366844,-1.376237,0.581464,0.917132,0.242813,0.205955,0.069343,0.981133,-0.180471,-0.075218,-0.163765,-0.027003,1.116009,41.438740,-20.952057,,,,,,,
1530639427.325347,0.337981,-1.348393,0.567293,1.558570,-0.983030,0.406746,0.073138,0.975370,-0.208095,-0.028903,-0.067884,-0.004124,0.976940,40.446236,-22.315460,,,,,,,
1530639427.345316,0.316404,-1.313921,0.576744,1.626368,-1.538299,0.722587,0.079051,0.967188,-0.241449,-0.033153,0.022115,0.153726,0.525414,39.117256,-23.882645,,,,,,,
1530639427.365285,0.300091,-1.282771,0.595246,1.055032,-1.316244,0.565816,0.083970,0.958807,-0.271365,-0.182221,0.134852,0.682437,-0.104698,37.632729,-25.131920,,,,,,,
1530639427.385253,0.307712,-1.275697,0.618865,-0.105023,-0.267591,0.311459,0.088088,0.956773,-0.277174,-0.362304,0.201521,0.792952,-0.602402,36.375992,-26.061005,,,,,,,
1530639427.405222,0.335013,-1.281159,0.655680,-0.568405,-0.258284,0.424295,0.093901,0.958348,-0.269727,-0.281981,0.254757,0.187360,-0.932953,35.759521,-26.377625,,,,,,,
1530639427.425191,0.376969,-1.291604,0.710693,-0.824022,-0.447677,0.526415,0.101442,0.961278,-0.256229,-0.368745,0.235880,0.145450,-1.475496,35.697044,-26.206177,,,,,,,
1530639427.445160,0.424147,-1.301384,0.773114,-0.600966,-0.371827,0.562145,0.109538,0.963928,-0.242579,-0.466426,0.228974,0.132823,-1.927967,35.296516,-26.038162,,,,,,,
1530639427.465128,0.461218,-1.296554,0.812024,0.357186,0.406867,0.454306,0.120524,0.962631,-0.242520,-0.647898,0.350525,0.171932,-2.450001,34.772705,-26.568474,,,,,,,
1530639427.485097,0.484926,-1.295896,0.807622,-0.661191,3.130316,-0.627188,0.126535,0.962452,-0.240155,-1.067605,0.559322,0.934491,-2.646864,34.200233,-27.120972,,,,,,,
1530639427.505066,0.537784,-1.357132,0.772730,-3.214843,4.314720,-2.566860,0.108615,0.977261,-0.182111,-1.391375,0.731556,1.344159,-2.606968,34.410385,-26.753914,,,,,,,
1530639427.525035,0.490431,-1.439610,0.667511,-2.751306,1.717307,-2.763365,0.061612,0.991407,-0.115391,-0.659467,0.591158,0.388905,-4.881405,35.767075,-25.120781,,,,,,,
1530639427.545002,0.137513,-1.508664,0.323382,-2.820614,-1.726245,-2.537643,0.008511,0.998070,-0.061502,-0.054928,0.445915,0.112985,-8.713120,36.168854,-24.056648,,,,,,,
1530639427.564971,-1.504743,-1.529347,-1.255391,-2.905562,-4.012613,-2.351472,-0.041340,0.999141,-0.002735,0.000950,0.429219,-0.348309,-13.842651,36.342682,-22.262466,,,,,,,
1530639427.584941,-2.215903,-1.465040,-1.869304,-3.067362,-5.424972,-2.278905,-0.084344,0.994413,0.063470,-0.048972,0.640017,-0.524804,-19.481140,36.300034,-18.972954,,,,,,,
1530639427.604908,-2.444603,-1.391896,-1.978941,-3.032859,-6.238369,-1.988758,-0.114226,0.984040,0.136446,0.024916,0.856445,-0.549776,-25.042049,35.954468,-14.521523,,,,,,,
1530639427.624877,-2.599510,-1.329443,-2.014231,-2.558239,-5.813622,-1.175331,-0.123314,0.971015,0.204751,0.225258,1.044396,-0.540841,-29.458939,35.626358,-9.122749,,,,,,,
1530639427.644846,-2.738331,-1.286458,-2.052797,-1.797330,-4.392637,-0.129343,-0.110082,0.959848,0.258020,0.340017,1.009711,-0.506067,-32.282787,35.224930,-4.375763,,,,,,,
1530639427.664814,-2.834328,-1.273794,-2.104845,-0.194624,-0.962901,0.771747,-0.088514,0.956218,0.278948,0.417280,0.574254,-0.638079,-33.588959,35.246254,-1.870697,,,,,,,
1530639427.684783,-2.866984,-1.291782,-2.157747,0.976523,1.872311,0.984319,-0.074682,0.961327,0.265089,0.379629,0.038383,-0.680784,-34.222202,35.656837,-1.819168,,,,,,,
1530639427.704752,-2.882962,-1.301218,-2.216275,-1.043471,1.096342,0.908289,-0.068114,0.963883,0.257467,0.447585,-0.459473,-0.097189,-34.645851,35.802490,-1.368370,,,,,,,
1530639427.724722,-2.979027,-1.255770,-2.318435,-2.991005,-0.109951,0.958829,-0.050148,0.950788,0.305756,0.563301,-0.762602,-0.065583,-35.069706,36.166382,1.377518,,,,,,,
1530639427.744689,-3.039690,-1.203661,-2.388751,-2.396730,0.584746,0.722877,-0.036514,0.933360,0.357081,0.347381,-0.668574,-0.652277,-35.713467,36.467789,4.000465,,,,,,,
1530639427.764658,-3.050483,-1.172478,-2.417495,-1.118960,0.715284,0.143659,-0.035290,0.921715,0.386260,0.215313,-0.631981,-0.938704,-36.310318,36.002983,5.733490,,,,,,,
1530639427.784628,-3.048197,-1.164597,-2.412141,0.011883,-0.838879,-0.251221,-0.036849,0.918629,0.393398,0.223922,-0.611668,-1.173550,-37.026096,35.440758,7.970566,,,,,,,
1530639427.804597,-3.074741,-1.172864,-2.397142,0.633903,-2.530435,-0.229341,-0.025887,0.921864,0.386647,0.297493,-0.646092,-1.158025,-37.471058,34.813248,10.780807,,,,,,,
1530639427.824564,-3.123345,-1.184708,-2.384388,0.472619,-3.190462,-0.238348,-0.006871,0.926389,0.376504,0.203252,-0.675977,-0.790765,-37.023018,34.447746,13.861008,,,,,,,
1530639427.844533,3.121230,-1.191620,-2.367817,0.353905,-2.215892,-0.365046,0.007537,0.928970,0.370079,0.061204,-0.712615,-0.621330,-36.529854,34.086639,16.797813,,,,,,,
1530639427.864503,3.120902,-1.205477,-2.339834,0.915911,-0.920348,-0.645208,0.007391,0.934010,0.357171,-0.079703,-0.721790,-0.708062,-36.004284,33.413841,18.511383,,,,,,,
1530639427.884470,-3.136286,-1.230462,-2.287507,1.432323,-1.554516,-1.073319,-0.001771,0.942643,0.333798,-0.163680,-0.664521,-0.753445,-35.361431,32.811234,19.966988,,,,,,,
1530639427.904439,-3.108409,-1.266344,-2.207801,2.024500,-2.774342,-1.261312,-0.009946,0.954011,0.299606,-0.061847,-0.449556,-0.771149,-34.168865,32.361244,21.300880,,,,,,,
1530639427.924409,-3.075531,-1.295110,-2.113971,0.314498,-2.870632,-1.303943,-0.017969,0.962239,0.271614,0.009730,0.039074,0.060830,-32.993092,32.010666,23.711868,,,,,,,
1530639427.944378,-3.033110,-1.181310,-2.059290,-6.291102,2.347014,-0.908507,-0.041112,0.925104,0.377481,-0.174846,2.087011,6.196432,-32.649075,28.867065,27.161682,,,,,,,
1530639427.964345,-2.977036,-1.135488,-2.099044,-1.001393,2.820592,1.235396,-0.069079,0.906740,0.415993,1.035662,2.241865,1.819893,-33.107811,27.861679,27.664326,,,,,,,
1530639427.984314,-3.087406,-1.142617,-2.196320,0.761596,-2.704165,2.378484,-0.022488,0.909723,0.414605,1.024106,0.706655,-0.211861,-30.330112,28.618935,30.489796,,,,,,,
1530639428.004284,3.057795,-1.175381,-2.306517,2.263645,-0.687787,1.897641,0.032240,0.922837,0.383840,0.773332,0.109085,1.109401,-27.437605,30.346924,32.839798,,,,,,,
1530639428.024251,3.011747,-1.228763,-2.401229,3.029175,3.868433,1.011963,0.043428,0.942075,0.332579,0.240797,0.248065,-0.842879,-27.097820,32.215744,32.476746,,,,,,,
1530639428.044220,3.081653,-1.274340,-2.420039,1.585891,3.976474,-0.494999,0.017500,0.956378,0.291608,-0.013563,0.226529,-1.352109,-28.345573,33.082878,30.750668,,,,,,,
1530639428.064190,-3.076592,-1.283626,-2.349478,-0.003448,2.358776,-1.151300,-0.018398,0.959049,0.282641,0.114528,-0.356464,-0.982653,-29.697296,32.608597,30.524143,,,,,,,
1530639428.084159,-2.961152,-1.278932,-2.280085,-0.062288,2.619694,-0.886254,-0.051638,0.957709,0.283067,0.198870,-0.706519,-0.669893,-31.050892,32.215546,30.703281,,,,,,,
1530639428.104126,-2.865230,-1.279723,-2.240895,0.314413,3.052543,-0.282056,-0.078305,0.957936,0.276091,0.242825,-0.774602,-0.529036,-31.995052,31.606270,29.890575,,,,,,,
1530639428.124095,-2.807022,-1.292509,-2.244525,0.737394,3.091757,0.572125,-0.090204,0.961527,0.259477,0.251383,-0.463236,-0.586626,-32.712379,31.800743,28.906479,,,,,,,
1530639428.144065,-2.801779,-1.316955,-2.303495,0.969379,3.067979,1.445299,-0.083703,0.967955,0.236764,0.240532,0.068025,-0.635537,-33.025490,32.993622,27.613430,,,,,,,
1530639428.164032,-2.855717,-1.347050,-2.416522,1.041692,2.584961,1.848802,-0.062571,0.975073,0.212879,0.104670,0.502237,-0.718509,-32.833866,34.518784,26.227844,,,,,,,
1530639428.184001,-2.958169,-1.378428,-2.560000,1.288433,1.401323,1.712120,-0.034871,0.981554,0.187976,-0.087108,0.600492,-0.777408,-32.076984,36.007492,25.276012,,,,,,,
1530639428.203971,-3.083696,-1.411236,-2.698636,1.576861,0.093152,1.223868,-0.009194,0.987297,0.158617,-0.254249,0.478737,-0.686373,-31.040203,37.483551,24.907627,,,,,,,
1530639428.223940,3.050410,-1.445380,-2.841720,1.800204,-0.599858,0.857920,0.011390,0.992146,0.124568,-0.266425,0.261547,-0.465541,-29.820732,38.866646,24.575176,,,,,,,
1530639428.243907,2.847846,-1.480477,-3.030454,1.965282,-0.848393,0.552976,0.026116,0.995924,0.086334,-0.323204,0.075899,-0.284744,-28.711769,40.102222,24.402882,,,,,,,
1530639428.263876,2.478324,-1.513088,2.898256,2.055082,-0.779617,0.340957,0.035512,0.998335,0.045449,-0.355199,-0.103270,-0.136636,-27.580482,41.387230,23.599079,,,,,,,
1530639428.283846,1.648418,-1.530297,2.076980,2.145531,-0.286101,0.167652,0.040367,0.999180,0.003140,-0.417442,-0.203266,-0.005474,-26.603836,42.404007,22.796478,,,,,,,
1530639428.303813,0.801624,-1.504145,1.175635,2.767941,4.643536,0.363826,0.047852,0.997780,-0.046324,-0.614091,-0.298393,0.872191,-26.714579,43.849438,19.923462,,,,,,,
1530639428.323782,0.582704,-1.462196,0.834529,2.347812,6.517241,0.012800,0.059644,0.994109,-0.090501,-0.639112,-0.064025,0.391267,-27.229271,44.856361,14.955780,,,,,,,
1530639428.343752,0.537120,-1.431454,0.650493,1.615489,6.802713,-0.207739,0.071066,0.990308,-0.119334,-0.502127,-0.036908,0.324214,-27.972265,45.662197,10.036110,,,,,,,
1530639428.363721,0.553910,-1.411649,0.537959,1.177012,6.075136,-0.173139,0.083361,0.987363,-0.134780,-0.254458,-0.092923,0.236877,-27.752022,46.061584,5.735558,,,,,,,
1530639428.383688,0.555509,-1.388328,0.439605,1.531384,3.606389,0.025798,0.095696,0.983399,-0.154172,-0.014687,-0.162995,0.459790,-27.324764,46.675579,2.281815,,,,,,,
,,,,,,,,,,,,,,,,39.779283,-84.064228,293.174896,-1.000000,-1.000000,1530639428.376566,
1530639428.403658,0.546525,-1.366139,0.417706,0.647232,-1.041968,0.671789,0.105624,0.979131,-0.173628,0.066602,-0.079839,0.228453,-26.321991,47.372871,1.615944,,,,,,,
1530639428.423627,0.565293,-1.353344,0.484179,-0.040346,-2.935455,1.062573,0.115565,0.976450,-0.182179,-0.196406,-0.027506,-0.017666,-24.755920,48.154240,3.413857,,,,,,,
1530639428.443596,0.586484,-1.344027,0.573860,-0.169245,-3.593387,1.068326,0.124429,0.974398,-0.187259,-0.271905,-0.004931,0.044742,-22.836357,49.182568,5.803703,,,,,,,
1530639428.463563,0.577439,-1.333515,0.636259,0.277613,-3.410570,0.790494,0.128315,0.971981,-0.196949,-0.320744,-0.048549,0.117908,-20.823158,50.258820,8.067688,,,,,,,
1530639428.483533,0.535192,-1.309677,0.640602,1.253714,-1.816949,0.647567,0.131664,0.966102,-0.222063,-0.358226,-0.073875,0.304185,-18.779221,51.129265,8.983704,,,,,,,
1530639428.503502,0.504457,-1.285756,0.633366,0.866012,-1.003052,0.461492,0.135911,0.959650,-0.246169,-0.436265,0.068700,0.336775,-16.928389,52.005100,8.783478,,,,,,,
1530639428.523469,0.506253,-1.276553,0.642922,-0.027521,-0.159498,0.320858,0.140629,0.957022,-0.253637,-0.513478,0.174356,0.459341,-15.251184,52.796707,9.194183,,,,,,,
1530639428.543439,0.541311,-1.283472,0.673702,-0.820321,0.431235,0.179013,0.146018,0.959006,-0.242872,-0.520575,0.270731,0.378431,-13.925385,53.542477,9.957588,,,,,,,
1530639428.563408,0.604480,-1.301156,0.709926,-1.008909,2.062669,-0.268403,0.151395,0.963867,-0.219180,-0.611173,0.386002,0.574069,-12.964516,54.197014,11.220734,,,,,,,
1530639428.583377,0.657927,-1.328158,0.698335,-1.144310,4.107910,-1.333462,0.146916,0.970707,-0.190112,-0.802632,0.614192,0.756915,-13.099468,54.440197,11.772964,,,,,,,
1530639428.603345,0.745736,-1.384200,0.700110,-2.695084,3.478175,-1.985411,0.125874,0.982641,-0.136277,-0.711537,0.746820,1.553986,-14.543638,54.398949,13.452332,,,,,,,
1530639428.623314,0.836276,-1.452790,0.783520,-2.915582,-1.300988,-2.090234,0.087375,0.993045,-0.078907,-0.497851,0.701397,0.067982,-15.819771,53.552082,16.834869,,,,,,,
1530639428.643283,1.048044,-1.526152,1.049441,-3.054115,-3.158783,-2.416962,0.038671,0.999004,-0.022283,-0.278188,0.426884,0.067876,-16.600643,53.018318,21.583382,,,,,,,
1530639428.663251,-2.915670,-1.531073,-2.834576,-3.142256,-4.491458,-2.377147,-0.008896,0.999211,0.038703,-0.192490,0.422618,-0.407493,-16.608948,51.700970,26.457516,,,,,,,
1530639428.683220,-2.730360,-1.455816,-2.545341,-3.199520,-5.500919,-2.145205,-0.045861,0.993397,0.105163,-0.182014,0.588573,-0.546645,-15.370584,49.616856,31.622772,,,,,,,
1530639428.703189,-2.763384,-1.383259,-2.459858,-2.990602,-6.045790,-1.903079,-0.068843,0.982466,0.173262,-0.193135,0.787889,-0.535598,-12.747978,47.260948,36.771481,,,,,,,
1530639428.723158,-2.807013,-1.325376,-2.387397,-2.005836,-5.386471,-1.670968,-0.079783,0.970035,0.229492,-0.070730,0.929577,-0.528442,-9.503893,45.106110,40.740612,,,,,,,
1530639428.743126,-2.836143,-1.288791,-2.317025,-1.229238,-4.553977,-1.249221,-0.083686,0.960499,0.265401,0.091498,0.850154,-0.419088,-6.449392,43.286987,43.154518,,,,,,,
1530639428.763095,-2.879935,-1.267473,-2.286804,-0.670418,-2.958431,-0.373886,-0.077267,0.954349,0.288527,0.238659,0.465405,-0.455443,-3.601942,42.319500,44.347935,,,,,,,
1530639428.783064,-2.924683,-1.260833,-2.303101,-0.340280,-0.432114,0.487893,-0.065645,0.952345,0.297876,0.313707,0.045458,-0.343637,-1.625103,41.634830,44.535172,,,,,,,
1530639428.803033,-2.966494,-1.252495,-2.372393,-0.800532,2.033780,1.185239,-0.054518,0.949768,0.308168,0.443297,-0.326905,-0.116518,-1.731253,40.571522,44.970772,,,,,,,
1530639428.823001,-2.988935,-1.237032,-2.452460,-1.013910,2.843411,0.969245,-0.049817,0.944816,0.323792,0.290433,-0.434211,-0.470093,-3.105022,39.686737,45.249992,,,,,,,
1530639428.842970,-2.966062,-1.219333,-2.480024,-0.843485,2.093520,-0.108242,-0.060120,0.938870,0.338982,0.118546,-0.419033,-0.794380,-4.686510,38.883713,45.757004,,,,,,,
1530639428.862939,-2.910784,-1.207529,-2.447296,-0.173572,0.647476,-0.950662,-0.081287,0.934741,0.345908,0.186313,-0.512271,-0.998129,-5.725050,38.527557,45.676571,,,,,,,
1530639428.882907,-2.861533,-1.209037,-2.383032,0.658302,-1.309243,-1.066040,-0.097828,0.935276,0.340131,0.350300,-0.655017,-1.158521,-5.688633,38.871269,45.514572,,,,,,,
1530639428.902876,-2.858521,-1.222953,-2.326194,1.041079,-3.081695,-0.509208,-0.095208,0.940110,0.327306,0.486199,-0.801789,-1.103154,-3.592039,39.720230,45.267319,,,,,,,
1530639428.922845,-2.904294,-1.238659,-2.303610,0.698214,-3.319174,0.005603,-0.076651,0.945347,0.316927,0.444982,-0.833073,-0.651888,-0.709106,40.255951,44.806835,,,,,,,
1530639428.942814,-2.960521,-1.249945,-2.305435,0.509746,-2.283887,0.201342,-0.056794,0.948967,0.310218,0.297211,-0.778557,-0.543968,1.596397,40.762489,44.348904,,,,,,,
1530639428.962782,-3.006498,-1.264205,-2.318098,0.821563,-1.508170,0.394815,-0.040649,0.953368,0.299060,0.269653,-0.775481,-0.645221,3.449192,41.582554,43.929409,,,,,,,
1530639428.982751,-3.063887,-1.287896,-2.337967,1.339396,-2.411887,0.313751,-0.021669,0.960250,0.278300,0.167726,-0.589324,-0.787745,5.669605,43.015331,42.629211,,,,,,,
1530639429.002720,-3.115261,-1.320702,-2.324087,1.725744,-3.499151,-0.356747,-0.006516,0.968889,0.247409,-0.114043,-0.221972,-0.693423,8.354797,44.740314,41.236176,,,,,,,
1530639429.022689,-3.072809,-1.317082,-2.227629,-2.867446,-0.876902,-1.959276,-0.017251,0.967987,0.250407,-0.491828,0.403916,1.099462,8.207901,44.348389,42.573807,,,,,,,
1530639429.042657,-2.920397,-1.187764,-2.152632,-5.092299,5.204879,-1.259108,-0.081996,0.927536,0.364628,0.071238,2.396271,5.379711,3.751583,41.104916,47.535984,,,,,,,
1530639429.062626,-2.906714,-1.146546,-2.164475,-0.419350,-1.187618,-0.085451,-0.095798,0.911348,0.400335,0.601276,1.663253,0.425761,3.560768,39.508270,48.756905,,,,,,,
1530639429.082595,-2.943236,-1.166126,-2.143908,1.593517,-2.806701,-0.233357,-0.077585,0.919232,0.385995,0.273218,0.177630,0.126044,5.720329,39.721943,47.640663,,,,,,,
1530639429.102564,-2.925164,-1.202599,-2.119769,2.218514,1.374982,0.049776,-0.077293,0.932978,0.351537,0.158287,-0.247705,0.541590,5.555397,41.010780,46.149902,,,,,,,
1530639429.122532,-2.850856,-1.261238,-2.095788,3.027063,2.850687,0.523894,-0.087327,0.952468,0.291853,0.064133,0.326691,-1.641081,3.940742,42.643841,44.015888,,,,,,,
1530639429.142501,-2.801685,-1.300629,-2.086810,1.082431,1.482556,0.351453,-0.088982,0.963726,0.251623,-0.028266,0.422611,-1.033010,2.809742,43.797108,42.913231,,,,,,,
1530639429.162470,-2.780284,-1.304290,-2.090721,-0.179655,1.330600,0.036311,-0.093099,0.964697,0.246359,0.055196,-0.287542,-0.479483,1.950283,43.324856,42.739536,,,,,,,
1530639429.182439,-2.756544,-1.299219,-2.100848,-0.270999,1.891425,0.035671,-0.100757,0.963349,0.248611,0.149707,-0.665894,-0.368285,0.801987,43.037491,43.212692,,,,,,,
1530639429.202407,-2.720695,-1.298198,-2.110054,0.019375,2.409279,0.164495,-0.110004,0.963075,0.245737,0.157428,-0.644791,-0.396021,-0.859028,42.906727,43.294052,,,,,,,
1530639429.222376,-2.694217,-1.304187,-2.133090,0.193335,2.370017,0.565816,-0.113974,0.964670,0.237534,0.210104,-0.182642,-0.511673,-2.301584,42.962803,43.496269,,,,,,,
1530639429.242345,-2.701484,-1.317472,-2.182804,0.431766,1.822380,1.047048,-0.106775,0.968085,0.226740,0.206430,0.338892,-0.693613,-3.150654,43.037933,43.189568,,,,,,,
1530639429.262313,-2.741834,-1.339907,-2.254761,0.819867,1.256356,1.306574,-0.089065,0.973463,0.210801,0.163818,0.662218,-0.685883,-3.181025,43.543301,42.571648,,,,,,,
1530639429.282282,-2.786964,-1.367895,-2.317032,1.203295,0.497849,0.986053,-0.069973,0.979486,0.188973,0.041348,0.630545,-0.591897,-2.817749,44.070396,41.719940,,,,,,,
1530639429.302251,-2.805012,-1.400688,-2.338059,1.637350,-0.058379,0.624988,-0.055909,0.985566,0.159789,-0.006545,0.332122,-0.454757,-2.378227,44.787670,40.340748,,,,,,,
1530639429.322220,-2.796235,-1.439277,-2.323157,1.970719,-0.418731,0.518317,-0.044395,0.991364,0.123395,-0.001916,-0.012818,-0.318845,-1.616873,45.910011,38.808048,,,,,,,
1530639429.342188,-2.756820,-1.482320,-2.272526,2.184798,-0.606370,0.504342,-0.033165,0.996089,0.081898,-0.012062,-0.274470,-0.204747,-0.903214,46.954792,37.343151,,,,,,,
1530639429.362157,-2.591767,-1.527407,-2.093333,2.320350,-0.747507,0.474176,-0.022664,0.999059,0.036980,-0.049174,-0.419805,-0.117684,0.025497,48.159519,35.051697,,,,,,,
1530639429.382126,-0.904413,-1.553894,-0.389045,2.424347,-0.877672,0.455181,-0.013283,0.999857,-0.010446,-0.093757,-0.421366,-0.059897,0.989948,49.621674,32.591145,,,,,,,
1530639429.402095,-0.077552,-1.510527,0.456240,2.542735,-0.885534,0.468978,-0.004666,0.998184,-0.060050,-0.131045,-0.249710,0.002296,1.957432,50.816341,30.429310,,,,,,,
1530639429.422063,0.045082,-1.455463,0.574171,2.779622,1.487017,0.423972,0.005186,0.993357,-0.114960,-0.234526,0.006018,0.659668,2.148220,52.299091,28.081966,,,,,,,
1530639429.442032,0.132525,-1.414530,0.596035,1.489484,4.187630,0.263087,0.020565,0.987815,-0.154266,-0.268383,-0.022819,1.029693,0.995564,53.252014,26.457989,,,,,,,
1530639429.462001,0.231446,-1.398553,0.601236,0.489046,4.640415,0.124947,0.039315,0.985203,-0.166822,-0.162682,-0.104893,0.482191,-1.003925,53.847149,25.606796,,,,,,,
1530639429.481970,0.310990,-1.391385,0.601406,0.305813,3.544339,0.117299,0.054606,0.983949,-0.169889,-0.152247,-0.080445,-0.029559,-2.715885,53.971043,25.403133,,,,,,,
1530639429.501938,0.378911,-1.382050,0.614642,0.512460,2.228655,0.399953,0.069405,0.982240,-0.174318,-0.128319,-0.109697,-0.070784,-3.687181,54.263802,25.026653,,,,,,,
1530639429.521907,0.418235,-1.356204,0.631376,1.613711,0.442625,0.811005,0.086488,0.977063,-0.194593,-0.143159,-0.092374,-0.127200,-3.542307,54.689926,24.474686,,,,,,,
1530639429.541875,0.409811,-1.311617,0.631914,2.099620,-0.870885,0.925674,0.102114,0.966601,-0.235065,-0.224260,-0.018206,0.051410,-2.471016,55.413708,22.493042,,,,,,,
1530639429.561844,0.387672,-1.270432,0.637286,1.680162,-1.615121,0.814387,0.111848,0.955229,-0.273912,-0.295015,0.170336,0.195451,-1.232983,56.436386,20.550224,,,,,,,
1530639429.581812,0.381581,-1.257333,0.657432,-0.474010,-0.743218,0.305545,0.114828,0.951271,-0.286177,-0.571905,0.341072,1.269026,-0.321606,56.584518,20.191811,,,,,,,
1530639429.601781,0.409969,-1.278045,0.692879,-1.314038,-0.165966,0.040108,0.115025,0.957453,-0.264673,-0.539174,0.336873,0.450098,-0.135212,56.223763,21.605003,,,,,,,
1530639429.621750,0.449702,-1.290036,0.729781,-0.302920,0.498090,0.384125,0.120448,0.960845,-0.249536,-0.486903,0.207292,0.203851,0.012566,55.838043,22.643974,,,,,,,
1530639429.641719,0.481792,-1.290221,0.758122,-0.266836,-0.078115,0.217026,0.128310,0.960896,-0.245386,-0.600936,0.285518,0.091043,0.180149,55.719837,23.179512,,,,,,,
1530639429.661687,0.482092,-1.302614,0.765767,-0.941588,0.003236,-0.500151,0.122853,0.964254,-0.234778,-0.794422,0.428461,0.275900,-0.156643,55.384892,23.845688,,,,,,,
1530639429.681656,0.503886,-1.351370,0.754980,-2.747165,2.233489,-1.740646,0.105097,0.976023,-0.190615,-1.264353,0.674490,1.475817,-2.251183,54.385704,25.913048,,,,,,,
1530639429.701625,0.487155,-1.423275,0.701171,-2.855735,1.280241,-2.291975,0.068805,0.989138,-0.129885,-0.843769,0.847379,0.681246,-5.490379,52.619576,28.889545,,,,,,,
1530639429.721594,0.300000,-1.499277,0.514926,-3.276034,-0.935594,-2.392009,0.021116,0.997444,-0.068262,-0.133833,0.560250,0.386057,-7.922321,50.049667,32.089058,,,,,,,
1530639429.741562,-1.526709,-1.542837,-1.264623,-3.344632,-3.218342,-2.410916,-0.027928,0.999609,-0.001232,-0.061458,0.434000,-0.411076,-8.776533,47.198364,35.595314,,,,,,,
1530639429.761531,-2.335857,-1.468650,-1.991695,-3.423989,-4.653365,-2.416987,-0.073555,0.994788,0.070622,-0.046867,0.553735,-0.542668,-8.454342,43.705425,38.803223,,,,,,,
1530639429.781500,-2.518093,-1.387990,-2.070738,-3.363930,-5.379003,-2.047957,-0.106144,0.983337,0.147585,0.041843,0.802170,-0.560778,-6.402969,39.669838,41.857094,,,,,,,
1530639429.801469,-2.651924,-1.319903,-2.103489,-2.853507,-4.852351,-1.126568,-0.116769,0.968691,0.219094,0.237405,1.078123,-0.556115,-3.346245,35.658905,44.018559,,,,,,,
1530639429.821437,-2.775963,-1.273149,-2.150160,-2.023847,-3.478149,-0.023304,-0.104855,0.956029,0.273885,0.354184,1.093470,-0.539449,-0.231056,32.574272,45.002258,,,,,,,
1530639429.841406,-2.857839,-1.256142,-2.206793,-0.394669,-0.325554,0.725181,-0.086644,0.950903,0.297111,0.356267,0.695093,-0.661872,1.507687,29.989296,44.532410,,,,,,,
1530639429.861375,-2.880035,-1.272184,-2.254926,0.987040,1.656821,0.856976,-0.076074,0.955746,0.284186,0.359750,0.127735,-0.829413,1.425552,29.067299,43.364380,,,,,,,
1530639429.881344,-2.881970,-1.285252,-2.292001,-0.630328,0.515887,0.539771,-0.072311,0.959509,0.272237,0.297668,-0.358022,-0.281148,0.783886,28.326332,42.061764,,,,,,,
1530639429.901312,-2.954231,-1.244141,-2.354807,-2.713308,-1.067436,0.363456,-0.059768,0.947121,0.315258,0.356063,-0.747658,0.012074,1.411106,25.969063,42.027508,,,,,,,
1530639429.921281,-3.006286,-1.195460,-2.396275,-2.189771,-0.564132,0.190970,-0.049450,0.930385,0.363232,0.223431,-0.701625,-0.613293,2.257343,23.231857,42.561798,,,,,,,
1530639429.941250,-3.021316,-1.168230,-2.407430,-0.850885,-0.410854,-0.167698,-0.047008,0.920059,0.388947,0.104885,-0.691345,-0.919694,2.724396,21.339325,42.450954,,,,,,,
1530639429.961220,-3.027536,-1.166357,-2.394201,0.363517,-1.668109,-0.400259,-0.044784,0.919323,0.390943,0.094741,-0.688030,-1.128218,3.331364,20.443756,41.867058,,,,,,,
1530639429.981187,-3.058428,-1.181565,-2.374288,1.010002,-2.883294,-0.304085,-0.031522,0.925201,0.378162,0.158460,-0.699432,-1.074741,5.039486,20.521233,41.102512,,,,,,,
1530639430.001156,-3.101115,-1.201408,-2.362638,0.860155,-2.658803,-0.194630,-0.014610,0.932548,0.360746,0.109245,-0.709144,-0.657102,7.055634,20.585876,39.894123,,,,,,,
1530639430.021125,-3.125184,-1.214169,-2.351764,0.609724,-1.277316,-0.253242,-0.005728,0.937080,0.349066,-0.016962,-0.723289,-0.475439,8.562859,20.792152,39.103722,,,,,,,
1530639430.041095,-3.119656,-1.232472,-2.335912,1.178623,-0.402605,-0.339216,-0.007280,0.943312,0.331824,-0.057722,-0.754698,-0.753959,9.020267,21.174644,38.547539,,,,,,,
1530639430.061062,-3.109092,-1.264199,-2.311840,1.790749,-1.201537,-0.412149,-0.009807,0.953366,0.301653,-0.036457,-0.759549,-0.860293,9.179409,22.088715,38.141628,,,,,,,
1530639430.081031,-3.115669,-1.305725,-2.274068,2.270514,-2.826705,-0.565313,-0.006791,0.965074,0.261885,-0.053985,-0.510774,-0.854475,10.118435,23.080460,36.781750,,,,,,,
1530639430.101001,-3.116047,-1.344435,-2.219712,1.181279,-2.575653,-0.740152,-0.005732,0.974490,0.224352,0.011256,-0.059161,-0.120577,11.671192,24.234993,35.708736,,,,,,,
1530639430.120970,-3.030629,-1.233945,-2.154415,-6.830550,5.498618,-1.190623,-0.036600,0.943800,0.328479,-0.248740,2.063158,6.706220,9.179028,20.780167,38.564034,,,,,,,
1530639430.140937,-2.938040,-1.181671,-2.153695,-1.240621,1.504962,0.254453,-0.076691,0.925241,0.371542,1.276794,2.452124,1.011850,7.843224,18.668480,38.821217,,,,,,,
1530639430.160906,-3.057682,-1.178739,-2.234325,0.096026,-3.992798,1.983543,-0.032023,0.924125,0.380741,1.182857,0.774224,-0.318851,10.845432,17.338493,37.462311,,,,,,,
1530639430.180876,3.047100,-1.184584,-2.328417,0.575495,-4.206707,1.445685,0.035540,0.926342,0.374997,0.615110,0.011570,0.897052,14.122593,16.448006,35.165684,,,,,,,
1530639430.200845,2.983845,-1.223037,-2.383608,2.912750,2.158016,0.284493,0.053536,0.940139,0.336555,0.031257,0.407884,-1.043571,14.179508,17.149574,33.915218,,,,,,,
1530639430.220812,3.064439,-1.280957,-2.377886,2.437188,3.999663,-0.855573,0.022028,0.958290,0.284942,-0.270533,0.480293,-1.046356,12.139820,18.404465,33.309792,,,,,,,
1530639430.240782,-3.069538,-1.305242,-2.303459,0.557157,3.901985,-1.008555,-0.018894,0.964947,0.261757,-0.053906,-0.094128,-0.412254,9.879684,18.528839,33.182072,,,,,,,
1530639430.260751,-2.924721,-1.304251,-2.237955,-0.085467,4.188761,-0.783536,-0.056676,0.964687,0.257225,0.095388,-0.568706,-0.390572,7.656086,18.905579,33.280834,,,,,,,
1530639430.280720,-2.800492,-1.298015,-2.194856,-0.145216,4.043489,-0.525836,-0.090123,0.963025,0.253886,0.112478,-0.689481,-0.438746,5.480511,18.596886,33.735752,,,,,,,
1530639430.300687,-2.712436,-1.295694,-2.180439,0.051942,3.470152,0.002089,-0.113032,0.962397,0.247009,0.139033,-0.486735,-0.538757,3.679493,18.048630,34.078686,,,,,,,
1530639430.320657,-2.678911,-1.304506,-2.204234,0.388800,2.380671,0.771934,-0.117458,0.964754,0.235484,0.148784,0.024077,-0.738703,2.600319,17.971214,34.075523,,,,,,,
1530639430.340626,-2.708203,-1.326032,-2.267497,0.750906,1.146396,1.407079,-0.101764,0.970195,0.219921,0.081516,0.504049,-0.816387,2.561813,18.169510,33.421707,,,,,,,
1530639430.360595,-2.788974,-1.355362,-2.361707,1.068954,0.091237,1.524789,-0.073827,0.976884,0.200616,-0.029338,0.583373,-0.701883,3.198776,18.197975,33.236027,,,,,,,
1530639430.380563,-2.881763,-1.388041,-2.449304,1.454905,-0.687887,1.152370,-0.046691,0.983347,0.175638,-0.135498,0.405051,-0.558786,4.205658,18.530258,32.292282,,,,,,,
1530639430.400532,-2.965343,-1.425842,-2.514151,1.885603,-1.125051,0.814567,-0.025327,0.989513,0.142207,-0.155856,0.162282,-0.429332,5.254059,19.292206,31.540581,,,,,,,
1530639430.420501,-3.059106,-1.468826,-2.582838,2.177479,-1.358029,0.648547,-0.008387,0.994806,0.101444,-0.143041,-0.089303,-0.274341,6.604710,19.696724,30.350430,,,,,,,
1530639430.440470,3.041865,-1.515108,-2.736296,2.390132,-1.519704,0.551670,0.005541,0.998450,0.055380,-0.152743,-0.283606,-0.179556,7.761127,20.992043,29.306114,,,,,,,
1530639430.460438,1.869109,-1.553586,2.404095,2.564912,-1.487147,0.464762,0.016425,0.999852,0.005050,-0.165000,-0.358266,-0.081711,8.684322,21.793587,27.847206,,,,,,,
1530639430.480407,0.448286,-1.517273,1.008232,2.677404,-1.084154,0.290780,0.023185,0.998568,-0.048207,-0.203529,-0.260790,0.038808,9.608059,22.751480,26.469944,,,,,,,
1530639430.500376,0.260657,-1.465772,0.801125,2.650925,3.009227,-0.035398,0.027016,0.994490,-0.101286,-0.298302,-0.050551,0.867811,9.205261,23.783951,25.333858,,,,,,,
1530639430.520344,0.259691,-1.423042,0.698438,1.923878,5.868827,-0.066706,0.037802,0.989104,-0.142277,-0.163748,-0.039672,0.698659,7.102215,24.372612,25.088116,,,,,,,
1530639430.540312,0.327089,-1.395406,0.642195,1.200057,6.046616,-0.040869,0.056061,0.984659,-0.165239,-0.126771,-0.088067,0.303407,4.503025,24.906868,25.070999,,,,,,,
1530639430.560281,0.400297,-1.378952,0.607195,0.728759,4.927930,0.041806,0.074302,0.981654,-0.175594,-0.144553,-0.141200,0.062237,2.640564,25.106560,24.981441,,,,,,,
1530639430.580250,0.463445,-1.362024,0.590956,1.200741,3.208077,0.331546,0.092650,0.978286,-0.185395,-0.108016,-0.184554,0.026017,1.402168,25.198677,24.622643,,,,,,,
1530639430.600219,0.462693,-1.321503,0.565110,2.019103,0.188175,0.871243,0.110125,0.969087,-0.220777,-0.076952,-0.061586,-0.066974,1.494144,25.615738,23.908482,,,,,,,
1530639430.620187,0.464618,-1.283151,0.585990,1.297397,-1.442118,1.196791,0.127118,0.958915,-0.253620,-0.218594,-0.037864,0.193287,2.778927,25.808952,23.160812,,,,,,,
1530639430.640156,0.466810,-1.260511,0.628230,0.398962,-2.018369,0.921023,0.137410,0.952247,-0.272661,-0.447316,0.063165,0.587175,4.469551,25.458641,22.948944,,,,,,,
1530639430.660125,0.462554,-1.252196,0.659823,0.058668,-1.497318,0.458004,0.139777,0.949675,-0.280320,-0.511466,0.256090,0.605546,5.745525,24.844009,22.193474,,,,,,,
1530639430.680094,0.453214,-1.252717,0.679129,-0.298722,-1.364963,0.172331,0.136936,0.949838,-0.281169,-0.418156,0.270194,0.286159,7.041553,24.262123,22.088936,,,,,,,
1530639430.700062,0.446920,-1.260092,0.698774,-0.517346,-1.120420,0.099266,0.132133,0.952119,-0.275700,-0.389854,0.219177,0.270024,8.059387,23.711479,22.111404,,,,,,,
1530639430.720031,0.449349,-1.265097,0.713648,-0.174554,-0.206435,0.091391,0.130730,0.953637,-0.271083,-0.407082,0.193092,0.315074,9.008503,23.050285,21.926071,,,,,,,
1530639430.740000,0.460133,-1.271749,0.720222,-0.584163,0.478172,-0.234203,0.130826,0.955617,-0.263968,-0.558271,0.346888,0.378211,9.581413,22.315826,22.072617,,,,,,,
1530639430.759969,0.480969,-1.301333,0.711526,-1.729570,2.300806,-1.147201,0.123161,0.963914,-0.236011,-0.828697,0.609023,0.821110,9.455406,21.744019,22.612526,,,,,,,
1530639430.779937,0.524737,-1.360853,0.681742,-2.687491,4.069085,-2.031179,0.104407,0.978043,-0.180365,-0.977729,0.684235,1.219168,8.288960,20.686508,23.706490,,,,,,,
1530639430.799906,0.502218,-1.425158,0.606931,-2.495161,1.115470,-2.267493,0.069858,0.989413,-0.127203,-0.530582,0.642300,0.473089,7.836494,19.656570,24.796154,,,,,,,
1530639430.819875,0.285386,-1.500095,0.410543,-3.215401,-2.182524,-2.466617,0.019887,0.997502,-0.067781,-0.117329,0.503200,0.162538,8.571716,18.508591,25.037163,,,,,,,
1530639430.839844,-1.486929,-1.540122,-1.293622,-3.272575,-4.086450,-2.352234,-0.030558,0.999530,-0.002569,-0.060370,0.422254,-0.496806,10.564148,17.534103,25.267708,,,,,,,
1530639430.859812,-2.342398,-1.471749,-2.055294,-3.361789,-5.088587,-2.060601,-0.070878,0.995099,0.068949,-0.027846,0.617069,-0.495539,13.103748,16.580025,24.874786,,,,,,,
1530639430.879781,-2.558186,-1.398651,-2.162032,-3.173601,-5.681396,-1.589840,-0.094361,0.985220,0.142961,-0.012954,0.870936,-0.546525,16.096874,16.122597,23.437683,,,,,,,
1530639430.899750,-2.705220,-1.336646,-2.196455,-2.676193,-5.627201,-0.989833,-0.098062,0.972712,0.210272,0.083429,1.075781,-0.543738,18.744102,16.062576,21.909691,,,,,,,
1530639430.919719,-2.831453,-1.289446,-2.218148,-2.033275,-4.903077,-0.375203,-0.084737,0.960681,0.264404,0.171422,0.992733,-0.501709,21.164104,15.992371,19.752838,,,,,,,
1530639430.939687,-2.925518,-1.262812,-2.238012,-0.879823,-2.927417,0.099810,-0.064992,0.952947,0.296088,0.180409,0.611354,-0.581214,23.054897,16.074951,18.009041,,,,,,,
1530639430.959656,-2.969865,-1.262423,-2.257847,0.330831,-0.333204,0.360412,-0.051865,0.952828,0.299044,0.193833,0.084556,-0.593249,24.130550,16.547379,17.162346,,,,,,,
1530639430.979625,-2.977841,-1.274071,-2.284496,0.286470,1.462246,0.612212,-0.047666,0.956299,0.288478,0.233716,-0.364991,-0.386730,24.564266,17.116577,16.901657,,,,,,,
1530639430.999594,-3.006682,-1.260327,-2.350832,-1.355171,1.745450,0.922287,-0.041091,0.952190,0.302729,0.414641,-0.720714,0.091314,24.696392,16.976013,17.591728,,,,,,,
1530639431.019563,-3.025030,-1.231080,-2.407837,-1.522067,1.837473,0.553500,-0.038753,0.942849,0.330958,0.222057,-0.680017,-0.495982,24.983894,16.385994,18.830940,,,,,,,
1530639431.039531,-3.007547,-1.208898,-2.426539,-0.873371,1.626050,-0.032526,-0.047317,0.935226,0.350873,0.177703,-0.652618,-0.819196,24.959667,16.564499,19.765007,,,,,,,
1530639431.059500,-2.981832,-1.200197,-2.416666,-0.125260,0.117519,-0.303389,-0.057615,0.932111,0.357560,0.253263,-0.649747,-1.061081,25.124916,16.906387,20.318253,,,,,,,
1530639431.079469,-2.996131,-1.205160,-2.402695,0.506957,-2.172499,-0.102229,-0.051825,0.933896,0.353766,0.372840,-0.666791,-1.259695,25.759747,17.657646,19.553452,,,,,,,
1530639431.099438,-3.049295,-1.218871,-2.405333,0.598510,-2.612150,0.254891,-0.031770,0.938711,0.343237,0.414705,-0.704855,-0.836432,27.156757,18.249451,18.091232,,,,,,,
1530639431.119406,-3.108747,-1.226928,-2.424496,0.307230,-1.731657,0.331268,-0.011071,0.941457,0.336949,0.292062,-0.719976,-0.553532,28.313271,18.686272,16.314026,,,,,,,
1530639431.139375,3.139938,-1.235821,-2.442255,0.592206,-0.697640,0.209190,0.000544,0.944418,0.328745,0.164541,-0.798163,-0.638301,29.170246,18.940147,15.323471,,,,,,,
1530639431.159344,3.120545,-1.255976,-2.446117,1.237491,-1.399297,-0.203363,0.006517,0.950852,0.309577,0.039885,-0.794495,-0.846000,30.027012,19.610428,14.010437,,,,,,,
1530639431.179313,3.106678,-1.289416,-2.404713,1.904733,-3.531477,-0.958469,0.009693,0.960673,0.277512,-0.158894,-0.443492,-0.925248,30.649982,21.092125,11.701698,,,,,,,
1530639431.199281,3.132310,-1.325433,-2.302676,1.127533,-3.659598,-1.710080,0.002255,0.970049,0.242898,-0.126599,-0.035021,-0.243356,31.257542,22.202538,7.834366,,,,,,,
1530639431.219250,-2.996142,-1.207466,-2.155361,-8.781363,4.118510,-2.663759,-0.051510,0.934719,0.351636,-0.546177,1.882405,6.616321,30.597507,24.102997,9.117195,,,,,,,
1530639431.239219,-2.861690,-1.147171,-2.137772,-0.604365,3.448629,0.112526,-0.113562,0.911605,0.395070,0.788382,2.242311,1.599360,29.626907,24.840553,13.579292,,,,,,,
1530639431.259188,-2.921103,-1.172867,-2.175548,1.610595,-3.312663,1.415237,-0.084751,0.921865,0.378129,0.736881,0.687372,-0.312226,30.505825,25.203415,13.447556,,,,,,,
1530639431.279156,-3.044532,-1.206148,-2.243759,1.328698,-1.871334,1.484513,-0.034559,0.934249,0.354943,0.517317,0.110581,1.338157,32.262096,25.236343,11.109406,,,,,,,
1530639431.299125,-3.087193,-1.248040,-2.310463,2.513000,2.710199,1.069041,-0.017246,0.948365,0.316713,0.152958,0.455642,-0.958284,33.455837,25.332275,10.328438,,,,,,,
1530639431.319094,-3.036882,-1.291696,-2.325436,1.591030,2.944687,-0.070781,-0.028794,0.961304,0.273982,-0.140319,0.466766,-1.115428,33.807156,25.717560,11.106941,,,,,,,
1530639431.339063,-2.948316,-1.300596,-2.286525,0.060146,2.510558,-0.594734,-0.051270,0.963717,0.261954,0.046951,-0.217669,-0.571738,33.575741,26.604347,12.561943,,,,,,,
1530639431.359031,-2.851447,-1.293777,-2.240915,-0.238847,2.690305,-0.712551,-0.078243,0.961875,0.262059,0.093365,-0.657706,-0.496144,33.323582,27.208611,14.270531,,,,,,,
1530639431.379000,-2.762016,-1.287136,-2.202454,-0.040417,2.547332,-0.480239,-0.103700,0.960037,0.259951,0.147539,-0.758866,-0.511446,32.659863,27.960625,15.885521,,,,,,,
1530639431.398969,-2.709830,-1.289580,-2.195713,0.242875,2.122467,0.283680,-0.116136,0.960719,0.252056,0.228624,-0.439387,-0.599438,32.301342,28.636505,17.646706,,,,,,,
1530639431.418938,-2.719318,-1.304227,-2.244239,0.512570,1.356686,1.179829,-0.107961,0.964680,0.240284,0.211400,0.127132,-0.732258,32.922817,28.690109,18.816383,,,,,,,
1530639431.438906,-2.796085,-1.327362,-2.341850,0.703653,0.429117,1.689934,-0.081633,0.970516,0.226792,0.091200,0.561314,-0.772538,33.891621,28.207169,18.917786,,,,,,,
1530639431.458875,-2.906119,-1.354332,-2.454223,1.079100,-0.478987,1.451825,-0.050108,0.976663,0.208851,-0.081850,0.607337,-0.725712,35.045277,27.824570,18.348640,,,,,,,
1530639431.478844,-3.007524,-1.385638,-2.541229,1.577442,-1.132342,0.925672,-0.024608,0.982907,0.182449,-0.136387,0.385867,-0.577270,36.004375,27.731125,16.451759,,,,,,,
1530639431.498813,-3.092318,-1.424730,-2.601999,2.085139,-1.447696,0.529387,-0.007169,0.989351,0.145372,-0.144839,0.124540,-0.428331,36.841488,28.075310,14.402534,,,,,,,
1530639431.518781,3.093048,-1.470900,-2.672771,2.420872,-1.497567,0.382122,0.004839,0.995015,0.099613,-0.119631,-0.131688,-0.261997,37.490444,28.421135,12.021217,,,,,,,
1530639431.538750,2.864419,-1.520363,-2.873724,2.622833,-1.540170,0.307504,0.013794,0.998729,0.048487,-0.132035,-0.293879,-0.152841,38.191250,28.718201,9.371368,,,,,,,
1530639431.558719,1.260125,-1.550226,1.833576,2.770270,-1.528647,0.230488,0.019581,0.999788,-0.006287,-0.164493,-0.348162,-0.070618,38.422787,29.015533,6.624260,,,,,,,
1530639431.578688,0.341172,-1.503645,0.937036,2.834805,-1.007050,0.148193,0.022451,0.997746,-0.063233,-0.195806,-0.249623,0.072098,38.656055,29.088333,4.016212,,,,,,,
1530639431.598656,0.233205,-1.453191,0.782386,2.474957,4.856629,-0.106578,0.027116,0.993092,-0.114159,-0.361405,-0.051625,1.450920,38.636517,29.452965,5.173576,,,,,,,
1530639431.618625,0.275562,-1.415278,0.687292,1.680069,7.574092,-0.173433,0.042144,0.987931,-0.149048,-0.201476,-0.091859,0.696473,38.131145,29.970642,9.070557,,,,,,,
1530639431.638594,0.357199,-1.392575,0.616888,1.058748,7.272227,-0.231900,0.061986,0.984160,-0.166090,-0.154729,-0.113784,0.216169,37.005741,30.609512,14.125618,,,,,,,
1530639431.658563,0.432367,-1.378819,0.564956,0.741343,5.654213,-0.104738,0.079950,0.981629,-0.173243,-0.133539,-0.155671,0.025675,35.592182,31.510071,17.535439,,,,,,,
1530639431.678531,0.437385,-1.348823,0.510662,2.066164,0.843032,0.356209,0.093252,0.975465,-0.199430,0.049174,-0.007356,-0.123415,35.455029,31.989815,17.672112,,,,,,,
1530639431.698500,0.412486,-1.311054,0.506442,1.444170,-1.794838,0.953013,0.102961,0.966456,-0.235291,-0.051935,0.060903,0.063614,36.522442,32.235107,15.807602,,,,,,,
1530639431.718469,0.406043,-1.283457,0.552153,0.780200,-2.858906,1.128605,0.111937,0.959001,-0.260358,-0.140578,0.082838,0.188505,38.109104,31.986885,13.047325,,,,,,,
1530639431.738438,0.402034,-1.275310,0.603931,-0.270846,-2.308713,0.635562,0.113946,0.956661,-0.267986,-0.264016,0.125798,0.977520,39.289028,31.948105,10.815948,,,,,,,
1530639431.758406,0.404588,-1.279884,0.638431,-0.432701,-1.163545,0.265326,0.112907,0.957983,-0.263669,-0.316810,0.217280,0.453061,40.068920,31.786598,9.565247,,,,,,,
1530639431.778375,0.414450,-1.287064,0.664834,-0.507678,-0.560233,0.185992,0.112728,0.960017,-0.256240,-0.337856,0.248631,0.236648,40.600910,32.130920,8.816971,,,,,,,
1530639431.798344,0.438949,-1.294275,0.694388,-0.458076,0.060739,0.260721,0.116026,0.962011,-0.247128,-0.396559,0.197565,0.219006,40.906979,32.426453,8.702026,,,,,,,
1530639431.818313,0.481288,-1.295771,0.724078,-0.132907,1.072280,0.353801,0.125716,0.962418,-0.240720,-0.513686,0.170730,0.262678,41.285854,32.443665,8.915512,,,,,,,
1530639431.838281,0.530320,-1.296954,0.741396,-0.288648,2.013035,0.010557,0.136787,0.962739,-0.233287,-0.721077,0.351928,0.296733,41.101795,32.913521,10.392563,,,,,,,
1530639431.858250,0.608872,-1.322924,0.739382,-1.717803,5.094388,-1.244942,0.140321,0.969437,-0.201252,-1.187013,0.539184,1.143116,39.866535,34.030907,14.162292,,,,,,,
1530639431.878219,0.712716,-1.385055,0.722368,-2.442054,5.824147,-2.338101,0.120757,0.982800,-0.139723,-1.145141,0.518528,1.019911,37.009525,35.685532,19.532875,,,,,,,
1530639431.898188,0.740890,-1.454414,0.694357,-2.733443,0.552716,-2.610635,0.078374,0.993235,-0.085681,-0.584096,0.465032,0.526309,34.490932,37.130295,22.599564,,,,,,,
1530639431.918156,0.657555,-1.536044,0.652710,-2.997236,-3.259706,-2.831126,0.021236,0.999396,-0.027501,-0.156856,0.400216,-0.145747,33.076519,38.543045,23.360306,,,,,,,
1530639431.938125,-2.321187,-1.522685,-2.236597,-3.045290,-5.097870,-2.808201,-0.035176,0.998843,0.032795,-0.122524,0.456022,-0.556935,32.407482,39.926224,22.608688,,,,,,,
1530639431.958094,-2.480532,-1.440138,-2.279410,-3.215168,-6.218049,-2.523827,-0.079990,0.991476,0.102841,-0.094113,0.697626,-0.522351,32.032497,40.925694,21.391296,,,,,,,
1530639431.978063,-2.599258,-1.364973,-2.270914,-2.911383,-6.312523,-1.966691,-0.105485,0.978893,0.175047,-0.015121,0.974476,-0.543349,31.854237,41.750160,19.678101,,,,,,,
1530639431.998031,-2.710588,-1.303566,-2.259130,-2.473311,-5.966240,-1.298850,-0.110320,0.964506,0.239911,0.073653,1.172518,-0.489148,31.771564,41.850994,17.858421,,,,,,,
1530639432.018000,-2.813122,-1.261207,-2.261146,-1.616487,-4.328681,-0.446981,-0.098284,0.952459,0.288377,0.263445,1.039347,-0.453295,31.819874,41.602875,16.608612,,,,,,,
1530639432.037969,-2.882544,-1.244376,-2.275245,-0.389923,-1.788882,0.178807,-0.082139,0.947196,0.309955,0.264100,0.578500,-0.552295,31.789204,41.325573,15.740623,,,,,,,
1530639432.057938,-2.905901,-1.251038,-2.296924,0.513023,0.703473,0.497206,-0.073403,0.949311,0.305647,0.257652,0.060012,-0.523450,31.493969,41.064751,15.676132,,,,,,,
1530639432.077907,-2.919404,-1.254048,-2.349353,-0.658632,2.077966,1.014606,-0.068639,0.950253,0.303821,0.528142,-0.503354,0.151731,30.997005,40.342464,16.895515,,,,,,,
1530639432.097875,-2.945125,-1.231029,-2.422407,-1.590039,2.011217,0.654284,-0.065056,0.942832,0.326856,0.341270,-0.606117,-0.301465,30.581776,39.000565,19.261559,,,,,,,
1530639432.117844,-2.927978,-1.205308,-2.447034,-1.051292,1.805058,-0.208801,-0.075768,0.933949,0.349281,0.204430,-0.622167,-0.783882,29.569126,38.602119,21.703270,,,,,,,
1530639432.137813,-2.876172,-1.195332,-2.422511,0.050122,0.969410,-0.742272,-0.096192,0.930338,0.353862,0.279038,-0.688257,-1.013683,28.176414,38.813919,23.100838,,,,,,,
1530639432.157782,-2.838389,-1.202733,-2.376833,0.871866,-1.188632,-0.638485,-0.107431,0.933026,0.343395,0.437479,-0.802762,-1.203716,27.441074,39.269485,22.596581,,,,,,,
1530639432.177750,-2.850730,-1.220177,-2.341100,1.021930,-2.930227,-0.222470,-0.098502,0.939160,0.329051,0.481101,-0.872678,-1.018199,27.798000,39.759575,20.806473,,,,,,,
1530639432.197719,-2.893304,-1.237094,-2.324500,0.841933,-2.839992,-0.013038,-0.080492,0.944836,0.317497,0.339952,-0.869824,-0.662987,28.499729,40.052448,18.619057,,,,,,,
1530639432.217688,-2.924137,-1.254502,-2.313735,0.968646,-1.700745,-0.019680,-0.067107,0.950395,0.303721,0.197677,-0.848374,-0.622706,28.912792,40.478199,16.801033,,,,,,,
1530639432.237657,-2.925120,-1.277682,-2.291772,1.356526,-1.087310,-0.148120,-0.062059,0.957349,0.282191,0.123521,-0.852216,-0.650202,29.069469,41.017101,15.368782,,,,,,,
1530639432.257625,-2.919203,-1.307988,-2.250627,1.765828,-2.339437,-0.285794,-0.057300,0.965664,0.253395,0.079319,-0.640576,-0.765480,29.341202,42.207809,13.500015,,,,,,,
1530639432.277594,-2.929375,-1.343592,-2.202742,1.754132,-3.156395,-0.117044,-0.047445,0.974300,0.220201,0.212652,-0.279277,-0.532534,29.614971,43.040642,10.913322,,,,,,,
1530639432.297563,-3.011258,-1.282628,-2.211523,-8.611246,-3.903887,-0.563395,-0.036936,0.958766,0.281786,-0.280432,1.055532,3.289839,29.994999,43.276634,11.130928,,,,,,,
1530639432.317532,-3.045532,-1.166880,-2.248022,-2.546405,1.773730,0.401258,-0.037696,0.919529,0.391211,0.254737,3.100094,3.678537,29.921585,42.353035,15.488792,,,,,,,
1530639432.337500,-3.095635,-1.154806,-2.300096,-0.045354,-1.270720,1.378027,-0.018565,0.914717,0.403669,0.973414,1.156023,0.091692,30.497593,41.405327,16.753006,,,,,,,
1530639432.357469,3.098072,-1.163865,-2.372075,0.580422,-0.172787,1.255853,0.017220,0.918340,0.395418,0.559166,0.037166,0.769041,31.486408,39.986607,15.895744,,,,,,,
1530639432.377438,3.108215,-1.191968,-2.404527,2.103820,3.276176,0.178797,0.012342,0.929099,0.369626,0.158603,-0.013968,-0.195493,31.494236,39.405693,15.972710,,,,,,,
1530639432.397407,-3.067953,-1.247702,-2.382895,2.802010,4.151137,-0.588021,-0.023360,0.948257,0.316642,0.034086,0.514038,-1.453208,30.258396,39.832676,16.601105,,,,,,,
1530639432.417375,-2.949615,-1.279113,-2.319332,0.870731,2.294752,-0.714431,-0.054867,0.957761,0.282281,0.136868,0.181277,-0.834055,28.634983,40.458725,17.027634,,,,,,,
1530639432.437344,-2.869600,-1.279182,-2.280344,-0.028193,2.179357,-0.427142,-0.077237,0.957781,0.276929,0.158765,-0.459856,-0.531156,27.654037,40.582581,18.200745,,,,,,,
1530639432.457313,-2.808560,-1.277024,-2.264497,0.025304,2.264796,-0.173848,-0.094661,0.957158,0.273654,0.141140,-0.702840,-0.499148,26.465866,40.582508,19.439491,,,,,,,
1530639432.477282,-2.758478,-1.282267,-2.262296,0.431350,2.259964,0.186343,-0.106365,0.958663,0.263915,0.123730,-0.611297,-0.572615,25.598236,40.562626,20.800407,,,,,,,
1530639432.497250,-2.735000,-1.299419,-2.280287,0.873635,1.675288,0.746108,-0.106012,0.963403,0.246205,0.142984,-0.068704,-0.725102,25.213844,40.393539,21.233749,,,,,,,
1530639432.517219,-2.755946,-1.327544,-2.331957,1.127791,1.197414,1.354772,-0.090602,0.970560,0.223171,0.136790,0.449270,-0.718593,25.550289,39.862637,21.348740,,,,,,,
1530639432.537188,-2.829930,-1.361182,-2.431246,1.246971,0.893862,1.664810,-0.063807,0.978111,0.198059,0.066203,0.703331,-0.643692,26.193642,39.460091,20.972580,,,,,,,
1530639432.557157,-2.933957,-1.394118,-2.549302,1.348280,0.217128,1.345531,-0.036232,0.984433,0.171984,-0.072609,0.582233,-0.561434,27.159725,38.914169,20.266953,,,,,,,
1530639432.577125,-3.038083,-1.426986,-2.654658,1.599397,-0.276721,0.912302,-0.014808,0.989677,0.142545,-0.117089,0.285942,-0.436932,27.887943,38.546066,19.414848,,,,,,,
1530639432.597094,3.136826,-1.462889,-2.757500,1.849215,-0.492332,0.631420,0.000513,0.994184,0.107691,-0.119608,-0.027173,-0.293833,28.414581,38.522697,18.253830,,,,,,,
1530639432.617063,2.966705,-1.500766,-2.918968,2.000442,-0.635942,0.479198,0.012174,0.997549,0.068898,-0.112714,-0.279775,-0.179479,29.062340,38.531998,16.078278,,,,,,,
1530639432.637032,2.499106,-1.536915,2.909123,2.134030,-0.836800,0.305317,0.020287,0.999426,0.027107,-0.161721,-0.392981,-0.121909,29.547756,38.511086,14.312653,,,,,,,
1530639432.657001,0.935791,-1.540122,1.361443,2.305006,-0.933089,0.173608,0.024674,0.999530,-0.018180,-0.177643,-0.378543,-0.073434,29.723129,38.910126,12.045456,,,,,,,
1530639432.676969,0.383169,-1.499551,0.821940,2.404120,-0.656637,0.100545,0.026608,0.997463,-0.066010,-0.185361,-0.201504,0.045411,29.966152,38.931175,9.871773,,,,,,,
1530639432.696938,0.245964,-1.450839,0.665736,2.621330,2.752888,-0.000730,0.029137,0.992814,-0.116061,-0.233040,-0.007310,0.521808,29.910484,39.293098,8.258041,,,,,,,
1530639432.716907,0.277323,-1.409518,0.589505,1.777399,6.387195,0.008544,0.043962,0.987023,-0.154439,-0.198396,-0.070611,0.887425,29.118103,39.505169,10.180504,,,,,,,
1530639432.736876,0.362530,-1.384657,0.539345,1.098372,6.589900,-0.058737,0.065630,0.982726,-0.173033,-0.186038,-0.091155,0.284560,27.985683,39.948826,12.912361,,,,,,,
1530639432.756844,0.441582,-1.368985,0.502605,0.745430,5.190612,0.048285,0.085662,0.979705,-0.181213,-0.190536,-0.111358,0.001724,26.787830,39.980103,15.486000,,,,,,,
1530639432.776813,0.496724,-1.346264,0.482471,1.707519,2.476553,0.572822,0.106102,0.974898,-0.195740,-0.176033,-0.122039,-0.134323,26.247612,40.177689,16.154961,,,,,,,
1530639432.796782,0.486292,-1.299349,0.464909,2.116264,-0.664322,1.065620,0.125308,0.963384,-0.237041,-0.215091,0.029460,-0.077565,26.993019,40.166775,14.615082,,,,,,,
1530639432.816751,0.469463,-1.266287,0.485907,0.570917,-2.333115,0.931687,0.135642,0.953994,-0.267386,-0.365653,0.107926,0.763083,28.032581,39.749653,12.704407,,,,,,,
1530639432.836719,0.469220,-1.264724,0.533586,-0.484052,-2.211972,0.544468,0.136251,0.953524,-0.268748,-0.479406,0.242978,0.677348,29.031712,39.164032,11.832710,,,,,,,
1530639432.856688,0.465646,-1.271446,0.573481,-0.609993,-1.973957,0.293503,0.132409,0.955528,-0.263501,-0.394143,0.237907,0.238034,29.733311,38.793579,11.533134,,,,,,,
1530639432.876657,0.463153,-1.281060,0.602582,-0.620450,-1.370199,0.146617,0.127642,0.958319,-0.255599,-0.405626,0.232629,0.263458,30.119755,38.483177,10.866928,,,,,,,
1530639432.896626,0.468739,-1.288793,0.622448,-0.397753,-0.425938,0.076537,0.125716,0.960500,-0.248263,-0.434889,0.179225,0.275027,30.447784,38.223412,10.974236,,,,,,,
1530639432.916594,0.479601,-1.294090,0.628820,-0.248747,0.446127,-0.085868,0.126055,0.961960,-0.242366,-0.481188,0.153488,0.282481,30.429913,38.232483,11.168274,,,,,,,
1530639432.936563,0.501541,-1.306845,0.621825,-0.924343,2.293545,-0.614402,0.125433,0.965367,-0.228764,-0.601278,0.253154,0.588246,30.006954,38.390984,12.910500,,,,,,,
1530639432.956532,0.573347,-1.352256,0.608168,-2.380149,5.064497,-1.680217,0.117604,0.976215,-0.182133,-0.825993,0.496945,1.177495,28.084053,38.385742,17.046112,,,,,,,
1530639432.976501,0.642948,-1.412699,0.573871,-2.081395,4.011447,-2.026057,0.094391,0.987529,-0.126000,-0.701157,0.550969,0.930902,25.540234,38.773445,20.957405,,,,,,,
1530639432.996470,0.619123,-1.479023,0.536796,-2.923487,-1.326182,-2.277939,0.053180,0.995792,-0.074629,-0.358630,0.693204,0.143568,24.274113,38.811401,23.077797,,,,,,,
1530639433.016438,0.093275,-1.555472,0.072731,-3.066650,-4.070943,-2.529080,0.001424,0.999883,-0.015222,-0.144292,0.558360,-0.262931,24.054306,38.734879,23.417274,,,,,,,
1530639433.036407,-2.410126,-1.502514,-2.333365,-3.278585,-5.404511,-2.354214,-0.045571,0.997670,0.050772,-0.073463,0.500164,-0.505591,24.607224,38.776382,23.382133,,,,,,,
1530639433.056376,-2.583913,-1.423777,-2.393888,-3.322717,-5.936108,-1.944313,-0.077525,0.989212,0.124294,-0.047521,0.635086,-0.472469,25.768951,38.422333,22.584808,,,,,,,
1530639433.076345,-2.711621,-1.354481,-2.407012,-2.912655,-5.697759,-1.311209,-0.089469,0.976695,0.195096,0.022208,0.845342,-0.497037,26.791866,38.129028,21.305504,,,,,,,
1530639433.096313,-2.826173,-1.300368,-2.415071,-2.312566,-5.247297,-0.710387,-0.082872,0.963657,0.253965,0.073091,0.995953,-0.483259,27.995129,37.761436,19.580956,,,,,,,
1530639433.116282,-2.915628,-1.265323,-2.419096,-1.262445,-3.641068,-0.285662,-0.067381,0.953705,0.293100,0.135359,0.856232,-0.477487,28.783695,37.403427,18.234657,,,,,,,
1530639433.136251,-2.962390,-1.254905,-2.426739,-0.123288,-1.084316,0.127594,-0.055374,0.950520,0.305689,0.188812,0.350765,-0.520883,29.112625,37.224892,17.104919,,,,,,,
1530639433.156220,-2.968581,-1.262327,-2.441517,0.491107,1.036798,0.346971,-0.052265,0.952799,0.299068,0.173374,-0.100550,-0.444362,28.782890,37.354584,17.024010,,,,,,,
1530639433.176188,-2.975080,-1.261377,-2.490355,-0.669204,2.268694,0.891608,-0.050470,0.952511,0.300291,0.447214,-0.598873,0.136247,28.465816,37.101700,18.149300,,,,,,,
1530639433.196157,-2.989164,-1.240909,-2.556266,-1.317717,2.308957,0.687328,-0.049186,0.946079,0.320178,0.257194,-0.612278,-0.353030,28.210236,36.053108,19.886337,,,,,,,
1530639433.216126,-2.971778,-1.218598,-2.585737,-1.002924,2.027507,0.026869,-0.058298,0.938616,0.339998,0.147135,-0.597186,-0.669756,27.410622,35.451241,21.865509,,,,,,,
1530639433.236095,-2.933367,-1.207007,-2.576751,-0.221831,0.924361,-0.440838,-0.073556,0.934555,0.348131,0.227029,-0.594513,-0.931673,26.520092,35.227692,22.675827,,,,,,,
1530639433.256064,-2.914114,-1.210107,-2.549720,0.519822,-1.289406,-0.416277,-0.079591,0.935654,0.343825,0.333695,-0.652496,-1.133681,26.239136,35.662476,22.205170,,,,,,,
1530639433.276032,-2.944566,-1.225362,-2.528522,0.973772,-3.094440,-0.099801,-0.066283,0.940928,0.332053,0.410796,-0.676646,-1.106085,26.946281,36.129211,20.654228,,,,,,,
1530639433.296001,-3.006542,-1.240914,-2.527593,0.588651,-3.100734,0.190087,-0.043614,0.946080,0.320980,0.369557,-0.666326,-0.580136,28.087711,36.330269,18.108307,,,,,,,
1530639433.315970,-3.063599,-1.249829,-2.543004,0.381065,-1.550244,0.274195,-0.024581,0.948931,0.314522,0.266020,-0.638842,-0.478509,28.744652,36.534668,16.888962,,,,,,,
1530639433.335939,-3.090277,-1.260123,-2.559095,0.594866,-0.302779,0.258512,-0.015680,0.952128,0.305295,0.240625,-0.703333,-0.565793,29.339680,36.539001,16.228661,,,,,,,
1530639433.355907,-3.103262,-1.276514,-2.560957,0.974208,-1.183966,-0.200602,-0.011115,0.957011,0.289836,0.064536,-0.619730,-0.727656,29.659325,36.897179,15.273514,,,,,,,
1530639433.375876,-3.100793,-1.303224,-2.511186,1.530832,-2.858335,-0.904868,-0.010784,0.964416,0.264164,-0.088688,-0.279647,-0.815556,30.086880,37.559189,13.518799,,,,,,,
1530639433.395845,-3.043779,-1.308523,-2.398556,-1.494833,-1.870012,-1.924788,-0.025320,0.965803,0.258030,-0.217417,0.250628,0.553722,29.798656,38.369194,12.321106,,,,,,,
1530639433.415814,-2.915775,-1.189900,-2.318307,-4.150119,4.820326,-1.566532,-0.083235,0.928332,0.362309,-0.152940,2.192961,5.799908,27.895004,38.807861,17.233795,,,,,,,
1530639433.435783,-2.886967,-1.170394,-2.326463,0.466160,-0.857439,0.495567,-0.098180,0.920904,0.377215,0.672078,1.674601,0.687833,27.080296,38.645035,19.302238,,,,,,,
1530639433.455751,-2.973780,-1.202039,-2.345252,1.636785,-4.040477,0.664025,-0.060205,0.932776,0.355387,0.390191,0.368661,0.168294,28.441093,38.004974,17.148224,,,,,,,
1530639433.475720,-3.030252,-1.236861,-2.364394,2.031704,-0.352364,0.496411,-0.036417,0.944760,0.325727,0.195231,-0.031750,0.864200,29.112019,38.004761,14.779099,,,,,,,
1530639433.495689,-2.985556,-1.293216,-2.366291,2.936690,3.418746,0.275218,-0.042584,0.961721,0.270692,-0.041263,0.409861,-1.255189,28.727547,38.006035,14.124641,,,,,,,
1530639433.515658,-2.880389,-1.328727,-2.328559,0.963808,3.411400,-0.325006,-0.061902,0.970844,0.231573,-0.161014,0.350811,-0.873815,27.765553,38.297462,14.914627,,,,,,,
1530639433.535627,-2.771611,-1.324994,-2.292160,-0.398760,3.864904,-0.549878,-0.087986,0.969942,0.226861,0.124821,-0.377077,-0.487374,26.488533,38.398895,16.908356,,,,,,,
1530639433.555596,-2.669493,-1.311342,-2.265328,-0.457336,3.630979,-0.562243,-0.116666,0.966530,0.228483,0.203839,-0.698479,-0.538282,24.772758,38.512787,19.479126,,,,,,,
1530639433.575565,-2.598813,-1.303975,-2.255970,-0.129959,2.762962,-0.050077,-0.136185,0.964614,0.225765,0.320160,-0.657302,-0.600506,23.306717,38.594780,21.405891,,,,,,,
1530639433.595534,-2.581633,-1.310191,-2.285925,0.173599,1.925658,0.810862,-0.136856,0.966234,0.218308,0.393982,-0.182390,-0.630524,22.658180,38.111626,22.808060,,,,,,,
1530639433.615503,-2.623100,-1.328607,-2.359203,0.425638,1.082312,1.430726,-0.118849,0.970815,0.208301,0.327513,0.380152,-0.725620,23.031357,37.464951,23.252296,,,,,,,
1530639433.635471,-2.696485,-1.353806,-2.449224,0.810848,0.320648,1.406770,-0.092692,0.976550,0.194307,0.150797,0.564069,-0.711977,23.508369,37.033409,23.540722,,,,,,,
1530639433.655440,-2.760100,-1.383399,-2.514710,1.277385,-0.269837,1.049501,-0.069358,0.982492,0.172900,0.048072,0.401373,-0.573398,24.266884,36.660255,22.917603,,,,,,,
1530639433.675409,-2.800858,-1.418689,-2.547789,1.718033,-0.636795,0.775561,-0.050632,0.988454,0.142801,-0.000592,0.196025,-0.436152,25.044750,36.705009,21.825111,,,,,,,
1530639433.695378,-2.820014,-1.459274,-2.553124,2.010652,-0.865618,0.647307,-0.035173,0.993788,0.105579,-0.028380,-0.011396,-0.297382,25.656830,36.904427,20.138252,,,,,,,
1530639433.715346,-2.822575,-1.503558,-2.538661,2.191290,-0.999047,0.617775,-0.021069,0.997740,0.063787,-0.056598,-0.213439,-0.186712,26.364410,37.004684,18.218582,,,,,,,
1530639433.735315,-2.702937,-1.550394,-2.399389,2.349153,-1.131113,0.551821,-0.008651,0.999792,0.018441,-0.118286,-0.301931,-0.114541,27.039371,37.250992,16.268143,,,,,,,
1530639433.755284,0.042417,-1.540168,0.367176,2.525935,-1.142801,0.477618,0.001298,0.999531,-0.030584,-0.171846,-0.257939,-0.050837,27.447861,37.599289,14.076660,,,,,,,
1530639433.775253,0.104419,-1.487408,0.445298,2.659838,-0.660842,0.377136,0.008681,0.996525,-0.082835,-0.222289,-0.105748,0.075999,28.076267,37.586304,11.888252,,,,,,,
1530639433.795221,0.159382,-1.423729,0.451748,3.274674,4.702301,0.462232,0.023257,0.989205,-0.144680,-0.410296,0.017249,1.051128,28.162773,37.941551,10.764252,,,,,,,
1530639433.815190,0.258770,-1.369570,0.422747,2.338609,6.774030,0.234141,0.051145,0.979822,-0.193217,-0.363966,-0.001703,0.603358,27.346821,38.160316,11.972534,,,,,,,
1530639433.835159,0.353610,-1.333993,0.386162,1.522473,6.027469,0.158361,0.081238,0.972093,-0.220081,-0.237060,-0.098466,0.188374,26.206226,38.555000,14.230225,,,,,,,
1530639433.855128,0.437768,-1.311064,0.365999,0.986645,4.470000,0.320491,0.108871,0.966459,-0.232603,-0.205246,-0.187955,0.120192,24.975304,39.025612,16.150200,,,,,,,
1530639433.875097,0.482036,-1.278132,0.365017,1.493223,0.622051,1.050425,0.133746,0.957479,-0.255629,-0.086687,-0.152776,0.498488,24.711544,39.329384,16.833748,,,,,,,
1530639433.895065,0.500883,-1.251317,0.401996,0.580637,-1.616990,1.136721,0.150817,0.949399,-0.275491,-0.388503,0.087192,0.247064,25.402634,39.373932,16.055161,,,,,,,
1530639433.915034,0.499579,-1.238073,0.447764,0.042839,-2.632879,0.884103,0.156468,0.945156,-0.286699,-0.442402,0.211216,0.187502,26.611561,38.799431,14.906662,,,,,,,
1530639433.935003,0.484703,-1.232023,0.480328,0.038495,-1.824337,0.496548,0.154848,0.943163,-0.294050,-0.542024,0.348493,0.410429,27.359032,38.268616,13.808609,,,,,,,
1530639433.954972,0.489326,-1.231112,0.492166,-0.224977,0.018747,0.096245,0.156609,0.942860,-0.294090,-0.573312,0.237057,0.681434,27.585152,38.481087,14.089088,,,,,,,
1530639433.974940,0.500745,-1.241313,0.499860,-0.696536,0.055198,-0.203775,0.155332,0.946210,-0.283830,-0.479367,0.156665,0.274232,27.381729,38.377861,14.588737,,,,,,,
1530639433.994909,0.506017,-1.260572,0.506129,-1.006010,-0.238922,-0.439167,0.147964,0.952265,-0.267016,-0.453705,0.077581,0.184100,26.946053,38.688515,15.453804,,,,,,,
1530639434.014878,0.498841,-1.284781,0.502622,-1.067780,-0.296659,-0.707337,0.134973,0.959376,-0.247749,-0.481241,0.149770,0.176170,26.163475,39.125031,16.349754,,,,,,,
1530639434.034847,0.476255,-1.312522,0.471622,-1.077400,1.324265,-1.239754,0.117094,0.966832,-0.226989,-0.641768,0.457393,0.376266,24.572533,39.399918,18.372887,,,,,,,
1530639434.054816,0.486357,-1.363188,0.404669,-2.455377,4.644341,-2.218548,0.096342,0.978527,-0.182218,-0.938734,0.763737,1.537930,21.331432,40.022949,22.138245,,,,,,,
1530639434.074784,0.441655,-1.435001,0.291701,-2.711898,1.733698,-2.581444,0.057865,0.990794,-0.122386,-0.583881,1.054265,0.588237,17.991653,39.982712,25.821915,,,,,,,
1530639434.094753,0.041033,-1.505022,-0.086958,-3.031087,-2.598369,-2.683059,0.002696,0.997838,-0.065666,-0.136546,0.752254,-0.078942,16.321289,39.494129,27.916153,,,,,,,
1530639434.114722,-1.587750,-1.520801,-1.635474,-3.326643,-4.790458,-2.391725,-0.049958,0.998751,0.000847,-0.045928,0.467940,-0.447350,16.015579,38.247452,29.500217,,,,,,,
1530639434.134691,-2.279296,-1.453189,-2.220293,-3.418444,-5.731180,-2.041530,-0.089096,0.993092,0.076348,-0.039688,0.573436,-0.503915,17.011726,36.804100,30.675602,,,,,,,
1530639434.154659,-2.517974,-1.380345,-2.339773,-3.175171,-6.153505,-1.642789,-0.110548,0.981919,0.153670,-0.028627,0.800903,-0.526869,18.589725,34.944672,31.106720,,,,,,,
1530639434.174628,-2.666348,-1.320141,-2.369880,-2.441884,-5.732882,-1.043535,-0.113492,0.968750,0.220551,0.105679,0.932190,-0.600037,20.785595,33.548225,31.296387,,,,,,,
1530639434.194597,-2.788549,-1.276836,-2.382293,-1.788205,-5.355432,-0.582764,-0.100181,0.957104,0.271875,0.146278,0.897297,-0.546488,23.157421,31.959785,30.190586,,,,,,,
1530639434.214566,-2.871260,-1.256551,-2.378735,-0.384943,-3.623882,-0.258269,-0.082545,0.951030,0.297873,0.134242,0.527852,-0.736975,24.935856,30.825447,28.884151,,,,,,,
1530639434.234534,-2.905025,-1.263052,-2.379275,0.654706,-0.626247,0.258473,-0.070992,0.953019,0.294473,0.235375,0.012572,-0.524118,25.389626,30.447495,28.370972,,,,,,,
1530639434.254503,-2.912076,-1.281274,-2.408851,0.748716,1.728216,0.760639,-0.064952,0.958380,0.278008,0.308070,-0.432654,-0.348443,25.229477,29.770615,28.761166,,,,,,,
1530639434.274472,-2.929774,-1.283200,-2.478247,-0.722545,2.506430,0.996856,-0.059634,0.958928,0.277308,0.391100,-0.711782,0.001149,24.402740,28.542549,30.455742,,,,,,,
1530639434.294441,-2.947431,-1.260839,-2.553587,-1.501024,2.607305,0.654048,-0.058851,0.952347,0.299286,0.303358,-0.741058,-0.356385,23.401642,26.997559,32.504890,,,,,,,
1530639434.314410,-2.933335,-1.234263,-2.592081,-1.294004,2.222520,0.095622,-0.068274,0.943905,0.323082,0.291892,-0.718273,-0.723579,22.080460,25.778046,34.523376,,,,,,,
1530639434.334378,-2.916433,-1.215403,-2.603028,-0.695425,0.434172,-0.091947,-0.077686,0.937510,0.339176,0.394031,-0.712000,-1.074604,21.472027,24.709480,35.483696,,,,,,,
1530639434.354347,-2.950144,-1.211414,-2.612703,0.077618,-2.267249,0.210340,-0.066921,0.936114,0.345271,0.524609,-0.738787,-1.368922,22.496948,24.138359,35.269947,,,,,,,
1530639434.374316,-3.026228,-1.221185,-2.631089,0.499966,-3.448792,0.400746,-0.039428,0.939506,0.340255,0.429046,-0.653068,-1.024291,24.814201,23.597565,34.078156,,,,,,,
1530639434.394285,-3.113946,-1.228757,-2.655869,0.265071,-2.999341,0.389244,-0.009272,0.942073,0.335281,0.285761,-0.607692,-0.598052,26.886799,23.272789,32.610477,,,,,,,
1530639434.414253,3.114686,-1.233516,-2.676542,0.263684,-1.149357,0.255810,0.008903,0.943658,0.330802,0.146844,-0.673837,-0.415854,28.230362,22.681160,32.170544,,,,,,,
1530639434.434222,3.103564,-1.246145,-2.678124,0.914263,-0.676420,-0.320460,0.012127,0.947762,0.318748,-0.060986,-0.689247,-0.677726,29.000793,22.526085,31.989609,,,,,,,
1530639434.454191,3.120315,-1.278838,-2.625615,2.066714,-2.458136,-1.173968,0.006124,0.957682,0.287764,-0.228963,-0.403819,-0.996367,29.854500,23.796440,30.639599,,,,,,,
1530639434.474160,-3.100484,-1.323973,-2.505951,1.779144,-2.694703,-1.910824,-0.010041,0.969693,0.244118,-0.127700,-0.090039,-0.393685,30.798889,25.276085,28.969051,,,,,,,
,,,,,,,,,,,,,,,,39.779351,-84.064122,293.244812,-1.000000,-1.000000,1530639434.455620,
1530639434.494128,-2.947150,-1.207418,-2.363337,-9.379915,3.523365,-2.935276,-0.068677,0.934701,0.348736,-0.537616,1.712393,6.684772,29.207142,23.822906,32.768021,,,,,,,
1530639434.514097,-2.830328,-1.156625,-2.339132,0.255643,2.797017,0.115305,-0.123250,0.915450,0.383094,0.677296,2.004609,1.329949,26.878456,22.404160,36.038498,,,,,,,
1530639434.534066,-2.857034,-1.198684,-2.350134,2.471491,-2.386181,1.012543,-0.102071,0.931561,0.348964,0.399281,0.729373,-0.201731,27.886879,21.998924,34.923393,,,,,,,
1530639434.554035,-2.924754,-1.243482,-2.386409,1.378445,-0.127790,1.256194,-0.069169,0.946909,0.313972,0.503876,0.268179,1.649345,29.311310,21.507294,33.674911,,,,,,,
1530639434.574004,-2.946654,-1.275966,-2.456711,1.571641,3.468856,1.394426,-0.056287,0.956852,0.285073,0.378018,0.745541,-0.486550,28.498871,20.747040,34.414883,,,,,,,
1530639434.593972,-2.914457,-1.300314,-2.497327,0.554219,3.079535,0.273108,-0.060169,0.963642,0.260332,0.035389,0.883175,-1.048571,26.727425,20.253349,35.866489,,,,,,,
1530639434.613941,-2.849336,-1.293652,-2.481733,-0.573396,2.396027,-0.445093,-0.078831,0.961841,0.262007,0.070393,-0.056644,-0.729429,24.733025,19.632790,37.093647,,,,,,,
1530639434.633910,-2.785158,-1.279584,-2.463962,-0.508210,2.345359,-0.464364,-0.100184,0.957896,0.269066,0.186091,-0.729060,-0.626915,23.045395,18.806969,38.718456,,,,,,,
1530639434.653879,-2.721061,-1.273259,-2.444664,0.035639,2.200411,-0.282120,-0.119683,0.956061,0.267622,0.209771,-1.000907,-0.606794,21.260586,18.315712,39.856037,,,,,,,
1530639434.673847,-2.676810,-1.279058,-2.437769,0.421509,1.702052,0.249545,-0.128917,0.957745,0.257105,0.270534,-0.777249,-0.596994,20.016872,17.959099,40.690464,,,,,,,
1530639434.693816,-2.670267,-1.296698,-2.461702,0.789848,1.409744,0.997014,-0.122906,0.962670,0.241165,0.321896,-0.203346,-0.709412,19.360294,17.434708,41.418602,,,,,,,
1530639434.713785,-2.704464,-1.327954,-2.529251,1.127334,1.577269,1.658591,-0.101797,0.970658,0.217852,0.293051,0.370131,-0.780749,18.552681,17.105682,41.949047,,,,,,,
1530639434.733754,-2.773596,-1.361542,-2.634152,1.042367,1.397305,1.666180,-0.074730,0.978186,0.193821,0.124321,0.693384,-0.728626,17.862789,16.818428,41.952919,,,,,,,
1530639434.753723,-2.853910,-1.389003,-2.738104,0.975286,0.678831,1.165153,-0.051296,0.983521,0.173363,0.012646,0.606750,-0.655022,17.646599,16.637428,42.285999,,,,,,,
1530639434.773691,-2.912172,-1.414711,-2.804423,1.213072,-0.017912,0.699809,-0.035352,0.987843,0.151379,-0.069034,0.278834,-0.526028,17.426819,16.895172,41.923645,,,,,,,
1530639434.793660,-2.957488,-1.444836,-2.846044,1.542709,-0.491590,0.538697,-0.022998,0.992078,0.123504,-0.060208,-0.074399,-0.372787,18.002605,17.363487,41.566402,,,,,,,
1530639434.813629,-3.016562,-1.480649,-2.893250,1.852442,-0.877811,0.502260,-0.011227,0.995939,0.089322,-0.087208,-0.302778,-0.277142,18.674713,18.070724,40.661095,,,,,,,
1530639434.833598,-3.134439,-1.522425,-2.991449,2.195897,-1.253963,0.445014,-0.000346,0.998830,0.048351,-0.142782,-0.374685,-0.223400,19.464870,19.325729,39.602604,,,,,,,
1530639434.853566,1.558128,-1.561879,1.726165,2.538952,-1.428403,0.431887,0.008885,0.999960,-0.000113,-0.188954,-0.288855,-0.143305,20.687496,20.421997,38.506683,,,,,,,
1530639434.873535,0.305785,-1.513544,0.497145,2.796702,-1.159271,0.452003,0.017226,0.998362,-0.054566,-0.226561,-0.083597,-0.005493,21.662796,21.700264,37.100060,,,,,,,
1530639434.893504,0.233145,-1.442330,0.403526,4.258419,3.340914,0.612347,0.029599,0.991760,-0.124647,-0.340024,0.109925,0.471327,21.439499,23.426567,36.178864,,,,,,,
1530639434.913473,0.315645,-1.364653,0.350522,3.336040,7.854288,0.574925,0.063541,0.978828,-0.194574,-0.417117,0.054635,1.038309,18.044277,25.358017,36.992687,,,,,,,
1530639434.933441,0.438208,-1.316627,0.311377,1.889333,7.439783,0.401771,0.106691,0.967872,-0.227684,-0.309633,-0.008018,0.327919,12.928436,26.981316,38.562302,,,,,,,
1530639434.953410,0.537954,-1.292315,0.287915,0.830246,5.118032,0.323137,0.140851,0.961474,-0.236069,-0.311048,-0.038836,0.027466,8.734482,27.768188,39.635231,,,,,,,
1530639434.973379,0.602841,-1.274931,0.298667,1.174523,0.305139,0.918565,0.165314,0.956550,-0.240172,-0.156830,0.011101,0.774672,6.568916,28.140587,40.116829,,,,,,,
1530639434.993348,0.588329,-1.246314,0.315291,0.720419,-2.322510,0.987303,0.176935,0.947816,-0.265215,-0.538828,0.111678,0.549974,7.784424,28.226189,40.165092,,,,,,,
1530639435.013317,0.557645,-1.235464,0.340349,-0.037543,-3.071516,0.464380,0.174148,0.944301,-0.279228,-0.529876,0.219640,0.254097,10.086166,27.488625,40.004177,,,,,,,
1530639435.033285,0.515599,-1.239723,0.358595,-0.532397,-2.965903,0.061403,0.160272,0.945694,-0.282800,-0.465264,0.233688,0.285851,12.384083,26.640198,39.859821,,,,,,,
1530639435.053254,0.493816,-1.252092,0.379100,-0.749740,-1.444604,0.057039,0.148518,0.949642,-0.275902,-0.389012,0.133381,0.462822,14.130196,25.512428,40.062946,,,,,,,
1530639435.073223,0.513167,-1.259976,0.399769,-0.430748,0.366410,0.116295,0.150149,0.952083,-0.266446,-0.414965,0.116429,0.416562,14.397068,24.497238,40.712292,,,,,,,
1530639435.093192,0.537972,-1.269826,0.415776,-0.697401,0.225599,-0.101559,0.151898,0.955049,-0.254574,-0.536832,0.196638,0.161465,14.284813,23.436752,41.688217,,,,,,,
1530639435.113160,0.544676,-1.289522,0.424262,-1.002784,-0.396957,-0.573698,0.143826,0.960703,-0.237413,-0.688259,0.337836,0.087846,14.189941,22.118500,42.447857,,,,,,,
1530639435.133129,0.514124,-1.307826,0.385031,-0.172729,1.066652,-1.065142,0.127836,0.965622,-0.226344,-0.823698,0.498611,0.261638,13.998039,21.245285,43.309513,,,,,,,
1530639435.153098,0.528644,-1.344366,0.309588,-2.125278,5.661133,-2.086660,0.113230,0.974474,-0.193855,-0.998011,0.642759,1.895515,10.681950,20.091270,44.822498,,,,,,,
1530639435.173067,0.574792,-1.426659,0.259343,-3.461943,3.170850,-2.843699,0.078090,0.989630,-0.120556,-0.283779,0.754251,0.939678,6.051376,17.271416,47.051247,,,,,,,
1530639435.193035,0.263795,-1.510225,-0.051292,-3.050043,-1.951177,-3.203895,0.015784,0.998166,-0.058441,0.036172,0.602343,-0.123002,4.834614,13.964851,48.446602,,,,,,,
1530639435.213004,-1.726189,-1.524575,-1.967761,-3.370613,-4.752378,-2.787972,-0.045647,0.998932,0.007151,0.063835,0.441543,-0.487909,7.361492,10.346695,48.810459,,,,,,,
1530639435.232973,-2.345204,-1.446286,-2.477972,-3.712403,-6.087315,-2.249349,-0.088775,0.992259,0.086844,0.022155,0.592687,-0.512717,11.982616,6.435760,48.233509,,,,,,,
1530639435.252942,-2.573617,-1.363349,-2.576704,-3.667190,-6.931228,-1.857001,-0.110793,0.978560,0.173625,-0.038011,0.892839,-0.555782,17.894150,2.815483,45.727940,,,,,,,
1530639435.272911,-2.729558,-1.289247,-2.598277,-3.147534,-6.599719,-1.291484,-0.111269,0.960626,0.254590,0.059023,1.104803,-0.551114,23.609650,-0.093475,42.308277,,,,,,,
1530639435.292879,-2.859404,-1.235250,-2.618810,-2.234635,-4.863063,-0.245599,-0.091692,0.944230,0.316261,0.322039,1.008116,-0.471657,27.979713,-2.259926,38.427021,,,,,,,
1530639435.312848,-2.938558,-1.216668,-2.655075,-0.209271,-0.588786,0.629177,-0.069924,0.937949,0.339650,0.345208,0.613595,-0.662358,30.149742,-3.548637,35.364895,,,,,,,
1530639435.332817,-2.939312,-1.237499,-2.694294,1.346584,2.649170,0.850378,-0.065728,0.944969,0.320490,0.257409,0.058831,-0.685404,29.438343,-3.311653,35.503033,,,,,,,
1530639435.352786,-2.904686,-1.264599,-2.728923,0.592481,3.055418,0.725559,-0.070746,0.953487,0.293016,0.259024,-0.382732,-0.398164,26.458065,-3.170303,36.714218,,,,,,,
1530639435.372754,-2.928827,-1.242979,-2.787098,-1.969336,0.865337,0.514749,-0.067990,0.946747,0.314717,0.441830,-0.754090,0.111263,25.545284,-4.737213,36.494461,,,,,,,
1530639435.392723,-2.957260,-1.203050,-2.824594,-1.930903,0.203901,0.061403,-0.065895,0.933140,0.353423,0.265892,-0.704258,-0.632079,25.212440,-6.183556,35.805553,,,,,,,
1530639435.412692,-2.961743,-1.177542,-2.827012,-0.805754,-0.464045,-0.300019,-0.068547,0.923667,0.377016,0.228810,-0.697333,-1.018068,25.690369,-7.072227,34.529278,,,,,,,
1530639435.432661,-2.978794,-1.175367,-2.811688,0.341581,-2.208825,-0.268900,-0.062434,0.922831,0.380110,0.306712,-0.733073,-1.305815,26.888363,-7.084740,33.610985,,,,,,,
1530639435.452629,-3.021359,-1.190569,-2.800715,0.956114,-2.769469,0.000101,-0.044515,0.928580,0.368451,0.309133,-0.746696,-0.986310,28.659599,-7.015892,31.892586,,,,,,,
1530639435.472598,-3.072753,-1.206579,-2.797884,0.629869,-2.534282,0.007949,-0.024502,0.934403,0.355373,0.170163,-0.721405,-0.569363,30.295753,-6.977875,30.307991,,,,,,,
1530639435.492567,-3.102396,-1.216758,-2.791502,0.540769,-1.270235,-0.156488,-0.013585,0.937980,0.346420,0.063909,-0.684089,-0.524261,31.346432,-7.362625,29.170109,,,,,,,
1530639435.512536,-3.098138,-1.235183,-2.771659,1.234729,-0.571103,-0.399948,-0.014307,0.944209,0.329035,-0.005362,-0.680674,-0.776484,32.019955,-7.222717,28.632664,,,,,,,
1530639435.532505,-3.074908,-1.267761,-2.726473,1.867550,-1.634800,-0.818432,-0.019885,0.954435,0.297752,-0.077847,-0.622785,-0.855873,33.280605,-6.799507,27.961906,,,,,,,
1530639435.552473,-3.042582,-1.308541,-2.643626,2.230638,-2.749177,-1.078975,-0.025627,0.965808,0.257986,0.002861,-0.386309,-0.724921,34.996723,-5.799393,26.630409,,,,,,,
1530639435.572442,-2.991301,-1.321168,-2.536718,-1.490556,-2.467727,-1.534055,-0.036989,0.969004,0.244256,-0.036543,0.179967,0.587271,36.734158,-5.951401,24.844666,,,,,,,
1530639435.592411,-2.943557,-1.170797,-2.515088,-5.330134,4.991585,-0.894145,-0.076615,0.921061,0.381805,0.049470,2.510259,6.503204,36.298580,-8.360130,25.117977,,,,,,,
1530639435.612380,-2.927058,-1.146410,-2.558620,-0.170271,-0.066206,1.363596,-0.087661,0.911292,0.402320,1.161879,1.736917,0.302834,35.478596,-9.741806,25.018665,,,,,,,
1530639435.632349,-3.087070,-1.160743,-2.661738,0.629602,-4.764263,2.412008,-0.021725,0.917100,0.398064,0.897885,0.373626,-0.190895,35.901402,-11.347488,21.828323,,,,,,,
1530639435.652317,3.007590,-1.175734,-2.767349,1.319474,-3.902486,1.636584,0.051418,0.922973,0.381413,0.539081,-0.120788,0.841243,36.292576,-12.591797,18.453850,,,,,,,
1530639435.672286,2.944658,-1.227962,-2.840294,3.557093,3.096904,0.332839,0.065774,0.941806,0.329658,-0.051965,0.479047,-1.026756,35.209995,-12.339775,19.528191,,,,,,,
1530639435.692255,3.043764,-1.287550,-2.836612,2.103180,5.050217,-0.945094,0.027297,0.960153,0.278136,-0.208465,0.613409,-0.826049,33.279263,-11.380424,22.630585,,,,,,,
1530639435.712224,-3.059209,-1.285430,-2.752381,-1.043135,4.858210,-1.285634,-0.023166,0.959559,0.280553,0.016375,-0.153803,0.320872,31.196499,-10.936989,25.162308,,,,,,,
1530639435.732192,-2.898216,-1.259493,-2.682864,-1.049212,4.672014,-1.178613,-0.073812,0.951935,0.297271,0.213171,-0.557068,-0.623046,29.159084,-10.926453,27.002132,,,,,,,
1530639435.752161,-2.758135,-1.239595,-2.629362,-0.379074,4.305482,-1.046241,-0.121659,0.945652,0.301563,0.181031,-0.680470,-0.633564,27.229698,-11.157936,29.010288,,,,,,,
1530639435.772130,-2.640031,-1.238939,-2.580451,0.718425,3.034771,-0.445004,-0.156642,0.945439,0.285671,0.231502,-0.445240,-0.906185,25.644444,-11.033798,30.353775,,,,,,,
1530639435.792099,-2.575218,-1.261718,-2.556080,1.357327,1.604688,0.715797,-0.163216,0.952614,0.256683,0.311958,0.128120,-0.846313,24.377060,-10.856171,31.377068,,,,,,,
1530639435.812067,-2.581850,-1.301341,-2.587122,1.439869,0.974568,1.797952,-0.141347,0.963916,0.225581,0.252553,0.587354,-0.666926,23.259102,-11.074196,32.211094,,,,,,,
1530639435.832036,-2.649337,-1.345576,-2.668995,1.420181,0.180032,1.917282,-0.105544,0.974745,0.196804,0.018035,0.714662,-0.635784,22.385624,-11.149925,31.865902,,,,,,,
1530639435.852005,-2.732941,-1.385859,-2.745153,1.536330,-0.966250,1.333508,-0.073070,0.982948,0.168741,-0.106252,0.546486,-0.602762,22.252728,-11.181168,31.654579,,,,,,,
1530639435.871974,-2.802954,-1.424969,-2.790923,1.795726,-1.484483,0.914090,-0.048272,0.989386,0.137056,-0.081168,0.240579,-0.427019,22.650822,-10.848335,31.245686,,,,,,,
1530639435.891943,-2.850826,-1.467031,-2.811267,2.057720,-1.471892,0.677317,-0.029694,0.994621,0.099229,-0.079315,-0.053078,-0.265916,23.165108,-10.136703,30.831581,,,,,,,
1530639435.911911,-2.858494,-1.511757,-2.792155,2.233436,-1.428602,0.475043,-0.016483,0.998258,0.056659,-0.116940,-0.250516,-0.164951,23.730938,-9.317284,30.398293,,,,,,,
1530639435.931880,-2.474460,-1.557203,-2.381958,2.364973,-1.382100,0.289436,-0.008415,0.999908,0.010684,-0.144326,-0.345550,-0.097674,24.193432,-8.236320,29.846561,,,,,,,
1530639435.951849,-0.119633,-1.532755,-0.004623,2.464446,-1.071115,0.171234,-0.004539,0.999277,-0.037762,-0.164086,-0.301309,-0.006351,24.774261,-7.361221,29.526264,,,,,,,
1530639435.971818,-0.034493,-1.483937,0.089288,2.423160,-0.026058,0.064553,-0.002992,0.996230,-0.086699,-0.196608,-0.151671,0.155226,24.911644,-6.459328,29.622208,,,,,,,
1530639435.991787,0.057221,-1.438412,0.091771,2.079702,6.663372,-0.034341,0.007549,0.991250,-0.131782,-0.399501,-0.110620,1.479164,22.213947,-5.327522,32.163784,,,,,,,
1530639436.011755,0.169192,-1.406851,0.047060,1.356415,8.042667,-0.232442,0.027483,0.986591,-0.160882,-0.219133,-0.123493,0.435769,17.682789,-4.482841,35.494865,,,,,,,
,,,,,,,,,,,,,,,,39.779366,-84.064103,293.303101,-1.000000,-1.000000,1530639435.998356,
1530639436.031724,0.261178,-1.388206,-0.011989,0.836102,7.081902,-0.315652,0.046887,0.983377,-0.175420,-0.161969,-0.164681,0.075124,12.910439,-3.860367,37.926991,,,,,,,
1530639436.051693,0.345234,-1.377898,-0.052429,0.508562,5.650998,-0.107669,0.064876,0.981453,-0.180393,-0.149257,-0.230141,0.014790,8.686333,-3.701920,39.327164,,,,,,,
1530639436.071662,0.408654,-1.349394,-0.078289,2.466020,3.382154,0.640289,0.087263,0.975590,-0.201516,-0.142255,-0.209172,-0.087043,5.701622,-2.734093,40.018265,,,,,,,
1530639436.091630,0.427246,-1.293405,-0.089371,2.176361,0.432525,1.127430,0.113473,0.961773,-0.249231,-0.238000,-0.064083,0.229654,4.567654,-1.496910,40.567097,,,,,,,
1530639436.111599,0.445274,-1.268974,-0.051338,0.231119,-1.566779,0.916354,0.128032,0.954796,-0.268275,-0.415980,0.016334,0.657801,5.077114,-1.487160,40.674545,,,,,,,
1530639436.131568,0.451994,-1.264637,0.002040,-0.235260,-2.488535,0.776673,0.131639,0.953498,-0.271131,-0.365480,0.159096,0.224501,6.634911,-2.087051,40.623234,,,,,,,
1530639436.151537,0.445993,-1.262252,0.050369,-0.209066,-2.610230,0.653937,0.130990,0.952777,-0.273967,-0.374780,0.254651,0.206371,8.507915,-3.012268,39.773502,,,,,,,
1530639436.171506,0.431962,-1.261779,0.087030,-0.184183,-2.278572,0.423389,0.127322,0.952633,-0.276187,-0.424639,0.335590,0.252719,10.226643,-3.908646,39.086651,,,,,,,
1530639436.191474,0.410440,-1.258886,0.099014,0.218940,-1.206672,0.085600,0.122448,0.951749,-0.281389,-0.464672,0.402102,0.325823,11.493240,-4.742371,38.276730,,,,,,,
1530639436.211443,0.383534,-1.254514,0.080438,0.288039,0.019229,-0.316904,0.116389,0.950398,-0.288438,-0.457607,0.358897,0.392229,12.128830,-5.241585,38.174805,,,,,,,
1530639436.231412,0.408057,-1.267660,0.064822,-1.219105,3.195624,-0.626328,0.118459,0.954405,-0.274005,-0.431203,0.284197,1.272601,11.028301,-6.049004,38.506004,,,,,,,
1530639436.251381,0.489906,-1.317800,0.059460,-2.690995,4.975006,-1.495063,0.117780,0.968167,-0.220865,-0.673169,0.613392,0.965448,8.571419,-7.737892,38.392345,,,,,,,
1530639436.271350,0.549717,-1.374822,0.015509,-1.751211,4.192504,-1.884185,0.101732,0.980858,-0.166035,-0.765383,0.530220,0.747410,5.949116,-9.573380,38.438984,,,,,,,
1530639436.291318,0.501742,-1.434013,-0.055362,-2.821792,-0.777281,-2.159899,0.065582,0.990660,-0.119551,-0.546676,0.467669,0.191069,5.908176,-11.555534,37.806358,,,,,,,
1530639436.311287,0.210692,-1.516501,-0.290368,-3.568819,-3.759514,-2.682928,0.011350,0.998526,-0.053071,-0.245496,0.566308,-0.028167,8.740543,-14.236206,35.474792,,,,,,,
1530639436.331256,-1.961756,-1.521785,-2.369848,-3.526422,-5.181232,-2.703181,-0.045297,0.998799,0.018670,-0.119239,0.549281,-0.480203,12.978516,-16.295670,32.721256,,,,,,,
1530639436.351225,-2.421470,-1.439076,-2.716682,-3.679037,-5.977077,-2.228683,-0.086616,0.991337,0.098732,-0.049294,0.605297,-0.475700,17.409763,-18.238907,28.497101,,,,,,,
1530639436.371193,-2.610796,-1.359177,-2.783245,-3.441402,-6.218448,-1.657529,-0.106328,0.977692,0.181142,-0.053050,0.852096,-0.508993,21.312126,-19.278481,23.585201,,,,,,,
1530639436.396154,-2.771130,-1.282357,-2.801204,-2.249362,-5.208648,-0.874809,-0.102986,0.958689,0.265158,0.080129,1.078695,-0.518408,25.005592,-19.523094,15.966125,,,,,,,
1530639436.416123,-2.858277,-1.247910,-2.801092,-1.305891,-3.770830,-0.355932,-0.088700,0.948324,0.304655,0.153885,0.860820,-0.453779,26.179489,-19.010338,12.597801,,,,,,,
1530639436.436092,-2.907047,-1.236523,-2.805877,-0.059863,-1.168920,0.067182,-0.076247,0.944649,0.319100,0.140364,0.395042,-0.598809,26.404213,-18.446243,10.555206,,,,,,,
1530639436.456061,-2.905625,-1.247255,-2.810615,0.709773,1.040502,0.279943,-0.074326,0.948116,0.309116,0.153641,-0.031474,-0.523425,26.040100,-17.873199,10.374550,,,,,,,
1530639436.476030,-2.885062,-1.259957,-2.828157,0.186507,2.193801,0.506790,-0.077604,0.952077,0.295849,0.270247,-0.416448,-0.304852,25.619164,-17.341026,10.909637,,,,,,,
1530639436.495998,-2.889488,-1.248907,-2.876797,-1.137382,1.946510,0.571484,-0.078913,0.948640,0.306359,0.338465,-0.616974,-0.135262,24.978077,-17.106636,10.901817,,,,,,,
1530639436.515967,-2.892486,-1.225327,-2.915246,-1.264768,1.512464,0.128554,-0.083487,0.940917,0.328185,0.225134,-0.571944,-0.573393,24.803085,-17.046455,10.571190,,,,,,,
1530639436.535936,-2.876648,-1.206054,-2.921094,-0.723425,0.716884,-0.266083,-0.093406,0.934216,0.344261,0.267677,-0.566235,-0.837746,24.721756,-16.654892,10.119179,,,,,,,
1530639436.555905,-2.871311,-1.200120,-2.910089,0.067227,-0.889880,-0.221871,-0.096721,0.932082,0.349095,0.379710,-0.644256,-1.105534,24.904591,-16.436668,9.379936,,,,,,,
1530639436.575873,-2.897115,-1.209773,-2.901296,0.739118,-1.923372,0.098165,-0.085499,0.935536,0.342728,0.461339,-0.709080,-1.081116,25.295719,-16.387978,8.183258,,,,,,,
1530639436.595842,-2.935031,-1.227684,-2.905075,0.782139,-1.555269,0.343229,-0.068998,0.941712,0.329268,0.431746,-0.753724,-0.713286,25.649181,-16.536476,7.084930,,,,,,,
1530639436.615811,-2.974118,-1.240730,-2.923185,0.510616,-0.810730,0.443545,-0.054026,0.946021,0.319571,0.379588,-0.820090,-0.525687,25.655701,-16.869003,6.105324,,,,,,,
1530639436.635780,-3.007094,-1.254183,-2.947175,0.724045,-0.413745,0.494954,-0.041750,0.950295,0.308538,0.336046,-0.833596,-0.624944,25.761513,-17.491104,5.584953,,,,,,,
1530639436.655749,-3.036169,-1.275200,-2.961892,1.156809,-1.209767,0.169414,-0.030654,0.956629,0.289692,0.192870,-0.760462,-0.728184,26.031921,-18.303467,4.917061,,,,,,,
1530639436.675717,-3.056505,-1.303639,-2.933484,1.643923,-3.011341,-0.494817,-0.022435,0.964525,0.263035,-0.003245,-0.407763,-0.785679,26.536469,-18.960640,3.843788,,,,,,,
1530639436.695686,-3.047284,-1.329594,-2.852300,0.585292,-3.628820,-1.186467,-0.022494,0.971052,0.237809,-0.003782,0.027941,-0.195679,27.249161,-19.379517,1.922661,,,,,,,
1530639436.715655,-2.965021,-1.206354,-2.760455,-6.856460,3.092434,-2.198513,-0.062608,0.934323,0.350886,-0.625029,2.139926,6.746144,28.277714,-18.467186,-1.225868,,,,,,,
1530639436.735624,-2.872146,-1.161840,-2.751551,-0.432331,2.363501,0.260753,-0.105854,0.917536,0.383303,0.799442,2.049550,1.185407,28.661072,-18.153748,-0.885406,,,,,,,
1530639436.755593,-2.936002,-1.180834,-2.798697,1.095669,-2.547371,1.399600,-0.077606,0.924923,0.372147,0.770127,0.670124,-0.150636,27.968510,-18.306519,-2.140129,,,,,,,
1530639436.775561,-3.043135,-1.207099,-2.856865,1.350040,-2.351952,1.064570,-0.034968,0.934588,0.354008,0.462504,0.168806,0.869670,26.731850,-18.639992,-3.839119,,,,,,,
1530639436.795530,-3.070422,-1.256905,-2.884209,2.958232,1.401131,0.383891,-0.021956,0.951139,0.307978,0.020476,0.506899,-1.180293,26.059769,-18.746674,-3.744667,,,,,,,
1530639436.815499,-3.004922,-1.302322,-2.857658,1.540383,2.119036,-0.398870,-0.036141,0.964177,0.262787,-0.273842,0.544841,-0.883545,25.822552,-18.613213,-2.728088,,,,,,,
1530639436.835468,-2.910003,-1.305039,-2.817494,-0.211977,3.168256,-0.547683,-0.060282,0.964894,0.255627,-0.044958,-0.258687,-0.290402,25.937233,-18.000763,-1.923279,,,,,,,
1530639436.855437,-2.807488,-1.294548,-2.782673,-0.393958,3.566206,-0.617163,-0.089440,0.962085,0.257665,0.068413,-0.686512,-0.492650,26.262268,-17.370895,-0.761230,,,,,,,
1530639436.875405,-2.705069,-1.285742,-2.749971,-0.100011,3.477165,-0.525818,-0.118893,0.959646,0.254839,0.121395,-0.832357,-0.502962,26.515743,-16.939537,0.457245,,,,,,,
1530639436.895374,-2.621783,-1.287456,-2.727195,0.422386,2.770258,-0.013876,-0.138863,0.960127,0.242636,0.185387,-0.545256,-0.666662,26.716503,-16.877205,1.564629,,,,,,,
1530639436.915343,-2.583077,-1.304625,-2.729925,0.835508,1.662842,0.791740,-0.139391,0.964785,0.223067,0.204866,0.016645,-0.789397,26.405094,-17.146919,2.183159,,,,,,,
1530639436.935312,-2.609342,-1.332183,-2.781410,0.825774,0.948201,1.489442,-0.119943,0.971667,0.203659,0.164514,0.485151,-0.675231,25.884571,-17.711929,2.603333,,,,,,,
1530639436.955281,-2.677169,-1.361854,-2.862631,0.942027,0.309651,1.394521,-0.092907,0.978251,0.185454,0.007595,0.613973,-0.643569,25.393055,-18.447975,2.954887,,,,,,,
1530639436.975249,-2.722086,-1.392494,-2.905688,1.398794,-0.368769,0.823394,-0.072240,0.984146,0.161981,-0.082438,0.451340,-0.581674,24.856083,-18.913956,2.791534,,,,,,,
1530639436.995218,-2.718064,-1.428856,-2.888545,1.894105,-0.796358,0.534556,-0.058138,0.989943,0.128963,-0.052107,0.185395,-0.432720,24.744637,-18.854828,2.867691,,,,,,,
1530639437.015187,-2.655361,-1.471047,-2.806553,2.221793,-0.983735,0.477312,-0.046534,0.995029,0.088040,-0.039373,-0.042499,-0.267376,24.447247,-18.913010,3.000557,,,,,,,
1530639437.035156,-2.435848,-1.515565,-2.566461,2.423255,-1.012405,0.463159,-0.035800,0.998475,0.042010,-0.061826,-0.211076,-0.145740,24.086288,-18.916702,3.089462,,,,,,,
1530639437.055125,-1.294724,-1.542714,-1.404624,2.560150,-0.957865,0.391855,-0.027006,0.999606,-0.007651,-0.116854,-0.261187,-0.057077,23.960823,-19.077660,3.230240,,,,,,,
1530639437.075093,-0.350862,-1.509824,-0.460681,2.291614,1.671922,0.207878,-0.020943,0.998142,-0.057220,-0.215599,-0.184177,0.368439,24.068531,-19.488266,3.831879,,,,,,,
1530639437.095062,-0.120734,-1.471034,-0.325476,1.852338,6.061874,-0.043447,-0.011995,0.995028,-0.098871,-0.411756,-0.104784,1.002496,23.725395,-19.207344,6.598831,,,,,,,
1530639437.115031,0.004200,-1.439140,-0.338071,1.434087,7.072195,-0.217464,0.000551,0.991346,-0.131275,-0.227205,-0.036481,0.452259,23.011951,-18.904808,10.063263,,,,,,,
1530639437.135000,0.095923,-1.416164,-0.378340,1.020170,6.106494,-0.230644,0.014751,0.988068,-0.153310,-0.108181,-0.084382,0.180547,22.283092,-18.761452,13.091377,,,,,,,
1530639437.154969,0.160363,-1.397607,-0.411087,0.990849,3.958165,-0.054114,0.027516,0.985040,-0.170114,-0.069569,-0.200998,0.015313,21.147289,-18.256233,15.427917,,,,,,,
1530639437.174937,0.197079,-1.374314,-0.416537,1.212878,0.991542,0.312090,0.038226,0.980759,-0.191442,-0.034441,-0.265717,-0.094538,20.882706,-18.159897,16.566177,,,,,,,
1530639437.194906,0.224996,-1.351123,-0.380925,0.927306,-0.964484,0.787801,0.048616,0.975969,-0.212418,-0.026796,-0.214723,0.015214,21.107864,-18.554291,16.793045,,,,,,,
1530639437.214875,0.258282,-1.331654,-0.313491,0.698938,-1.943120,1.040049,0.060501,0.971541,-0.229013,-0.087830,-0.179030,0.094431,21.393700,-18.861938,16.052490,,,,,,,
1530639437.234843,0.269795,-1.312763,-0.254097,0.764426,-2.472924,0.866385,0.068014,0.966894,-0.245949,-0.177679,-0.106771,0.129585,22.008938,-19.559181,14.781723,,,,,,,
1530639437.254812,0.252799,-1.291368,-0.219520,1.014845,-2.469199,0.635090,0.068983,0.961213,-0.267040,-0.253447,0.101241,0.195705,22.648697,-20.171700,13.440048,,,,,,,
1530639437.274781,0.227013,-1.269975,-0.205313,0.834805,-1.368495,0.310134,0.066689,0.955094,-0.288702,-0.364037,0.333343,0.393530,23.239243,-20.476837,12.427200,,,,,,,
1530639437.294749,0.234943,-1.269236,-0.206586,-0.398176,1.240481,-0.171046,0.069140,0.954874,-0.288851,-0.560382,0.516088,1.042956,23.419937,-20.691101,11.671753,,,,,,,
1530639437.314718,0.267812,-1.284948,-0.207044,-0.861834,1.925049,-0.169266,0.074616,0.959423,-0.271920,-0.391434,0.349293,0.382180,23.813095,-20.892334,11.267860,,,,,,,
1530639437.334687,0.331181,-1.301681,-0.201312,-0.946509,3.510802,-0.241610,0.086453,0.964007,-0.251430,-0.367840,0.188093,0.711330,23.891758,-21.203766,11.306526,,,,,,,
1530639437.354656,0.412719,-1.338382,-0.201567,-2.159937,4.237411,-1.015716,0.092385,0.973113,-0.210988,-0.684975,0.417085,0.970617,24.082973,-21.226662,11.514839,,,,,,,
1530639437.374625,0.437537,-1.390991,-0.240651,-2.093394,1.964476,-1.661561,0.075775,0.983879,-0.161991,-0.833298,0.409829,0.636951,24.837376,-20.832649,11.323143,,,,,,,
1530639437.394593,0.312674,-1.455210,-0.359851,-3.132133,-1.451732,-2.151217,0.035476,0.993327,-0.109737,-0.874190,0.462468,0.610637,26.481541,-19.868614,9.215752,,,,,,,
1530639437.414562,-0.295973,-1.524974,-0.922145,-3.301108,-2.847814,-2.356754,-0.013360,0.998950,-0.043812,-0.296150,0.630520,0.216984,28.495831,-18.355499,5.605659,,,,,,,
1530639437.434531,-1.983213,-1.503724,-2.532841,-3.524018,-4.595155,-2.369275,-0.061400,0.997752,0.026863,-0.108903,0.579641,-0.418388,30.262470,-16.259247,0.924309,,,,,,,
1530639437.454501,-2.398976,-1.421899,-2.842010,-3.759270,-5.803270,-2.296014,-0.100315,0.988935,0.109288,-0.102734,0.716814,-0.546543,31.120129,-13.271431,-4.596924,,,,,,,
1530639437.474470,-2.576102,-1.339595,-2.902222,-3.455702,-5.773378,-1.843971,-0.122784,0.973392,0.193475,0.024075,0.985974,-0.544778,30.581799,-9.637428,-10.456085,,,,,,,
1530639437.494437,-2.702768,-1.273510,-2.926579,-2.782521,-4.734292,-0.961751,-0.124458,0.956135,0.265173,0.163871,1.265911,-0.521307,29.294819,-5.805260,-14.807648,,,,,,,
1530639437.514406,-2.802596,-1.230535,-2.958107,-1.737922,-2.526804,-0.003442,-0.110980,0.942668,0.314740,0.286914,1.189519,-0.502057,27.692051,-2.441628,-17.199066,,,,,,,
1530639437.534376,-2.849139,-1.217551,-2.996488,-0.241976,0.634411,0.622474,-0.099737,0.938255,0.331255,0.334768,0.684410,-0.593249,26.707569,-0.162270,-17.655586,,,,,,,
1530639437.554344,-2.846470,-1.229827,-3.032313,0.635822,2.292977,0.830345,-0.097263,0.942431,0.319944,0.348118,0.073911,-0.590360,26.669762,1.226593,-16.827782,,,,,,,
1530639437.574313,-2.897996,-1.221539,-3.113065,-1.564341,0.639438,1.394803,-0.082537,0.939627,0.332097,0.730684,-0.687628,0.371822,26.828411,3.084557,-15.258492,,,,,,,
1530639437.594282,-2.980299,-1.187815,3.071925,-2.025835,0.590723,1.277618,-0.060013,0.927555,0.368837,0.424743,-0.713932,-0.385744,26.821850,4.248169,-14.602577,,,,,,,
1530639437.614250,-3.015456,-1.158211,3.012212,-1.315452,1.153104,0.694661,-0.050444,0.916087,0.397793,0.254759,-0.651439,-0.725659,26.855175,5.486305,-13.647499,,,,,,,
1530639437.634219,-3.010147,-1.145872,2.998236,-0.250941,0.618288,-0.078548,-0.054033,0.911070,0.408694,0.159379,-0.579954,-0.965549,26.986816,6.460617,-12.982277,,,,,,,
1530639437.654188,-2.996293,-1.149685,3.015045,0.460572,-0.474995,-0.372905,-0.059186,0.912635,0.404466,0.252912,-0.608680,-0.955904,26.532135,7.710876,-13.335175,,,,,,,
1530639437.674157,-3.001152,-1.161817,3.035131,0.720819,-1.576614,-0.238625,-0.055666,0.917527,0.393755,0.331545,-0.630082,-0.896746,26.209183,8.558304,-14.061943,,,,,,,
1530639437.694126,-3.034480,-1.173331,3.041655,0.487879,-2.023388,0.046433,-0.041382,0.922045,0.384862,0.288132,-0.673235,-0.676565,25.404388,9.091797,-15.353951,,,,,,,
1530639437.714094,-3.067227,-1.183876,3.037108,0.611577,-0.941229,0.153873,-0.028035,0.926076,0.376294,0.180226,-0.687230,-0.590939,25.093597,9.627304,-16.205513,,,,,,,
1530639437.734063,-3.072671,-1.203631,3.035732,1.244677,0.078297,0.035556,-0.024721,0.933348,0.358118,0.063585,-0.699172,-0.733881,25.072994,9.596123,-16.723557,,,,,,,
1530639437.754032,-3.059183,-1.238068,3.049819,2.000710,-0.175265,-0.208843,-0.026886,0.945155,0.325513,0.010132,-0.682673,-0.881543,25.197502,9.494186,-17.881615,,,,,,,
1530639437.774001,-3.039557,-1.280756,3.093676,2.208077,-1.811596,-0.650358,-0.029130,0.958232,0.284502,-0.043471,-0.536525,-0.795976,24.724670,9.186707,-19.386292,,,,,,,
1530639437.793970,-3.006029,-1.320006,-3.102642,1.915906,-2.682938,-1.064517,-0.033539,0.968717,0.245890,-0.011306,-0.198682,-0.484782,23.508465,9.222267,-21.592514,,,,,,,
1530639437.813938,-2.932600,-1.293417,-2.987514,-4.872705,-0.428799,-2.330484,-0.056814,0.961776,0.267877,-0.353068,0.692673,1.842200,22.956081,11.747856,-22.329002,,,,,,,
1530639437.833907,-2.815481,-1.159693,-2.969786,-3.038736,7.451276,-0.707201,-0.128023,0.916681,0.378558,0.260744,2.814261,5.131452,24.934879,15.055328,-18.961136,,,,,,,
1530639437.853876,-2.785937,-1.162832,-3.012508,0.717663,0.173961,1.391948,-0.138147,0.917930,0.371913,0.900309,1.346444,0.120382,25.421532,15.809235,-17.701492,,,,,,,
1530639437.873845,-2.917045,-1.195892,-3.082928,1.367960,-4.821583,1.886162,-0.081536,0.930543,0.356989,0.647378,0.734115,0.213613,23.900963,15.930809,-19.413841,,,,,,,
1530639437.893814,-3.071384,-1.249004,3.120821,3.066547,-2.011722,1.589321,-0.022186,0.948670,0.315487,0.596710,1.037246,0.106037,22.434509,15.307571,-20.823830,,,,,,,
1530639437.913783,-3.095380,-1.308632,3.070003,2.449385,2.263181,0.264052,-0.011973,0.965831,0.258893,-0.077963,0.709355,-0.848218,22.679646,14.815468,-20.554497,,,,,,,
1530639437.933751,-2.991390,-1.329050,3.116787,0.382156,3.358256,-0.753711,-0.035823,0.970921,0.236700,-0.092732,-0.204228,-0.532767,23.218327,15.583374,-18.854691,,,,,,,
1530639437.953720,-2.834472,-1.323257,-3.092025,-0.204980,4.690774,-1.058109,-0.074072,0.969518,0.233551,0.065970,-0.885458,-0.460281,24.419365,16.614174,-16.468460,,,,,,,
1530639437.973689,-2.665834,-1.311187,-3.014600,-0.152172,4.462526,-1.098603,-0.117572,0.966490,0.228193,0.181415,-1.152785,-0.573301,25.188313,17.873558,-14.086342,,,,,,,
1530639437.993658,-2.539206,-1.301245,-2.960003,-0.001143,3.226537,-0.684470,-0.150887,0.963890,0.219425,0.292733,-1.099007,-0.527729,25.831944,18.927536,-12.465652,,,,,,,
1530639438.013627,-2.468347,-1.298883,-2.942110,0.074979,2.507339,0.029546,-0.167462,0.963259,0.209971,0.386441,-0.709169,-0.496225,26.331066,19.512421,-11.038513,,,,,,,
1530639438.033595,-2.446882,-1.310228,-2.974852,0.224217,2.829686,1.139309,-0.164923,0.966244,0.197919,0.452979,-0.151028,-0.501111,27.268894,19.414833,-10.026329,,,,,,,
1530639438.053564,-2.483583,-1.337593,-3.074678,0.307376,3.002772,2.126108,-0.141323,0.972931,0.182842,0.405696,0.476364,-0.627804,28.338207,19.024513,-8.663025,,,,,,,
1530639438.073533,-2.582058,-1.368846,3.055004,0.377114,2.229434,2.208991,-0.106465,0.979677,0.169990,0.211109,0.807127,-0.749137,29.528709,17.843750,-7.557205,,,,,,,
1530639438.093502,-2.685439,-1.397138,2.919629,0.789968,1.017642,1.506337,-0.076111,0.984959,0.155118,0.002884,0.824367,-0.744504,30.196995,17.001007,-6.647751,,,,,,,
1530639438.113471,-2.748101,-1.426322,2.849359,1.279429,-0.036023,0.921178,-0.055201,0.989582,0.132968,-0.061956,0.451245,-0.563891,30.338558,16.463913,-6.897560,,,,,,,
1530639438.133440,-2.780602,-1.459901,2.826446,1.622283,-0.707911,0.687794,-0.039089,0.993857,0.103536,-0.070943,0.019647,-0.373830,30.480873,15.838943,-7.737808,,,,,,,
1530639438.153408,-2.791621,-1.497246,2.835046,1.848756,-1.136625,0.574382,-0.025196,0.997296,0.069030,-0.108731,-0.229062,-0.244857,30.308769,15.647041,-8.949844,,,,,,,
1530639438.173377,-2.712039,-1.537987,2.940441,2.065666,-1.345723,0.470756,-0.013662,0.999462,0.029824,-0.160182,-0.330791,-0.152932,30.013973,15.208038,-10.282166,,,,,,,
1530639438.193346,-0.399793,-1.556042,-1.003706,2.248143,-1.289680,0.339659,-0.005742,0.999891,-0.013589,-0.234904,-0.261976,-0.058051,29.755219,14.870758,-11.543411,,,,,,,
1530639438.213315,0.034442,-1.503129,-0.562775,3.316591,1.037736,0.556273,0.002328,0.997711,-0.067574,-0.314508,-0.090042,0.186226,29.817928,13.908699,-12.539734,,,,,,,
1530639438.233284,0.155465,-1.424919,-0.503680,3.853515,3.832274,0.614716,0.022507,0.989379,-0.143607,-0.495026,0.125001,0.409384,30.842884,12.706406,-11.758148,,,,,,,
1530639438.253252,0.230446,-1.360372,-0.527965,2.699122,5.753528,0.286844,0.047710,0.977942,-0.203353,-0.528422,0.109628,0.642272,32.257984,11.661827,-9.501373,,,,,,,
1530639438.273221,0.340618,-1.326670,-0.545716,1.121189,6.344996,0.235347,0.080747,0.970349,-0.227822,-0.320509,-0.098645,0.567895,33.473545,11.773911,-5.735825,,,,,,,
1530639438.293190,0.444086,-1.315992,-0.552071,0.258585,4.944332,0.086797,0.108292,0.967713,-0.227608,-0.324402,-0.076828,0.102990,34.236813,11.874031,-2.575462,,,,,,,
1530639438.313159,0.516656,-1.301899,-0.567065,1.723077,4.118884,0.295845,0.131234,0.964064,-0.230993,-0.288643,-0.061949,0.126134,34.603725,12.230598,-0.049316,,,,,,,
1530639438.333128,0.524398,-1.253518,-0.617876,2.178620,2.048434,0.681134,0.156207,0.950088,-0.270060,-0.294772,-0.015976,0.338541,34.906895,12.344238,1.471573,,,,,,,
1530639438.353096,0.560973,-1.238524,-0.592359,-0.448043,-0.309981,0.710711,0.173538,0.945303,-0.276199,-0.328598,0.147882,0.944367,35.045315,12.378654,1.545143,,,,,,,
1530639438.373065,0.589426,-1.251629,-0.529869,-1.353774,-2.105339,0.330997,0.174423,0.949497,-0.260829,-0.498306,0.274853,0.038509,35.369564,12.525635,0.334183,,,,,,,
1530639438.393034,0.597745,-1.274390,-0.467557,-1.390159,-2.553751,0.045569,0.164379,0.956392,-0.241439,-0.501492,0.224165,0.120956,35.247326,13.290207,-1.515778,,,,,,,
1530639438.413003,0.583173,-1.284290,-0.443408,-0.115358,-1.248542,-0.069579,0.155623,0.959237,-0.235894,-0.510496,0.229301,0.238122,35.353016,14.135300,-2.882370,,,,,,,
1530639438.432972,0.550778,-1.286241,-0.452884,-0.069656,-1.149988,-0.275590,0.146920,0.959787,-0.239215,-0.528039,0.252219,0.170749,35.127438,15.060120,-4.169937,,,,,,,
1530639438.452941,0.500626,-1.295330,-0.478924,-0.160948,-0.805278,-0.791725,0.130551,0.962299,-0.238616,-0.666287,0.396909,0.200912,34.836529,16.267960,-5.376854,,,,,,,
1530639438.472909,0.486308,-1.319198,-0.544970,-1.289452,4.017526,-1.665627,0.116351,0.968516,-0.220090,-0.878955,0.563467,1.501477,34.702702,18.481606,-3.938202,,,,,,,
1530639438.492878,0.509402,-1.380804,-0.619577,-2.587307,4.930093,-2.508049,0.092094,0.982006,-0.164874,-0.653434,0.709492,0.990969,34.227558,21.065788,-0.315475,,,,,,,
1530639438.512847,0.362223,-1.444769,-0.834373,-2.196815,1.844568,-2.994092,0.044540,0.992069,-0.117538,-0.162353,0.602093,0.578857,33.054516,24.113869,2.636108,,,,,,,
1530639438.532816,-0.210183,-1.505470,-1.403708,-2.932458,-1.317803,-2.850504,-0.013619,0.997867,-0.063839,0.147332,0.379361,0.224468,31.382610,27.312523,3.696640,,,,,,,
1530639438.552785,-1.578607,-1.500002,-2.721440,-3.206644,-3.375075,-2.739942,-0.070728,0.997495,0.000552,0.049014,0.479983,-0.351459,29.595921,30.281448,3.851807,,,,,,,
1530639438.572753,-2.138846,-1.429394,3.085070,-3.436023,-4.773238,-2.482159,-0.118797,0.990019,0.075819,0.059654,0.672914,-0.472074,27.771606,32.863518,3.324181,,,,,,,
1530639438.592722,-2.372397,-1.353087,2.956477,-3.081493,-5.639367,-2.084589,-0.150235,0.976395,0.155184,0.121152,0.888382,-0.511065,25.675793,35.178917,2.789215,,,,,,,
1530639438.612691,-2.498217,-1.295124,2.945652,-1.826329,-5.710760,-1.557982,-0.163289,0.962242,0.217776,0.325124,1.073951,-0.553667,24.001774,36.719177,2.068283,,,,,,,
1530639438.632660,-2.603092,-1.262224,2.945964,-1.106129,-4.851586,-0.521827,-0.155752,0.952768,0.260718,0.490056,0.822271,-0.444953,22.489674,38.121040,1.028770,,,,,,,
1530639438.652629,-2.689964,-1.253699,2.924509,-0.118803,-2.242951,0.377559,-0.136083,0.950145,0.280546,0.453543,0.328557,-0.507567,21.568226,38.842522,0.641006,,,,,,,
1530639438.672597,-2.742102,-1.261843,2.880208,-0.221771,0.398116,1.108611,-0.118265,0.952652,0.280119,0.481973,-0.161057,-0.275771,21.491756,38.638420,0.606598,,,,,,,
1530639438.692566,-2.831921,-1.249757,2.755032,-1.694486,2.030099,1.759888,-0.096164,0.948908,0.300544,0.668048,-0.568216,0.147500,22.076912,38.541794,2.523880,,,,,,,
1530639438.712535,-2.887337,-1.220516,2.643853,-1.911500,2.627361,0.965897,-0.086314,0.939277,0.332128,0.283732,-0.498923,-0.494070,22.688953,37.880150,5.481705,,,,,,,
1530639438.732504,-2.869853,-1.192412,2.607396,-1.222176,2.450170,-0.102496,-0.099155,0.929263,0.355864,0.235721,-0.528598,-0.833281,22.289257,37.968163,8.174416,,,,,,,
1530639438.752474,-2.823470,-1.177050,2.619329,-0.342681,1.222082,-0.545970,-0.120000,0.923478,0.364400,0.344594,-0.598329,-0.967153,21.543987,38.583664,9.820442,,,,,,,
1530639438.772443,-2.801987,-1.175704,2.641517,0.255291,-0.720713,-0.269437,-0.128214,0.922961,0.362910,0.496042,-0.677523,-0.995021,20.831306,39.123306,10.350159,,,,,,,
1530639438.792410,-2.840676,-1.182294,2.643029,0.342607,-2.557987,0.256796,-0.112276,0.925477,0.361781,0.501359,-0.708101,-0.907252,20.780560,39.603561,9.698051,,,,,,,
1530639438.812379,-2.901330,-1.192707,2.629215,0.503743,-2.059075,0.417106,-0.087841,0.929372,0.358541,0.319072,-0.709676,-0.644079,21.194492,40.019508,8.680260,,,,,,,
1530639438.832349,-2.934263,-1.207886,2.617870,0.835709,-0.561514,0.307539,-0.073075,0.934868,0.347394,0.163194,-0.707084,-0.597271,21.602161,40.730282,7.853729,,,,,,,
1530639438.852318,-2.931910,-1.231500,2.622812,1.369541,0.164651,0.153280,-0.069277,0.942989,0.325531,0.100847,-0.721996,-0.670670,21.655960,41.223488,6.890198,,,,,,,
1530639438.872287,-2.916083,-1.262625,2.651166,1.706848,-1.143883,-0.284804,-0.067822,0.952890,0.295635,-0.019138,-0.613855,-0.758694,21.609787,42.239864,5.609871,,,,,,,
1530639438.892255,-2.890020,-1.296503,2.734923,2.023497,-3.308254,-0.997500,-0.067426,0.962617,0.262338,-0.126803,-0.281510,-0.798227,21.163036,43.590527,3.101677,,,,,,,
1530639438.912224,-2.833439,-1.303319,2.868259,-1.147328,-3.093348,-2.072449,-0.080161,0.964441,0.251847,-0.243997,0.332831,0.521636,19.905487,45.366673,0.816376,,,,,,,
1530639438.932193,-2.759721,-1.164894,2.893619,-5.222468,5.875930,-2.032113,-0.147142,0.918747,0.366405,-0.552778,2.587281,6.790471,17.476212,47.060551,6.007652,,,,,,,
1530639438.952162,-2.679792,-1.145941,2.879531,0.703257,1.919826,0.671438,-0.183655,0.911098,0.369012,0.699280,1.706562,0.810859,15.854588,47.637726,9.841293,,,,,,,
1530639438.972131,-2.731877,-1.184130,2.862206,1.729910,-3.224778,1.311914,-0.150218,0.926171,0.345891,0.559978,0.524924,0.073314,16.148445,47.681828,9.210381,,,,,,,
1530639438.992099,-2.816826,-1.218574,2.811200,1.357544,-0.583285,1.515210,-0.110080,0.938608,0.326950,0.555164,0.448004,1.198486,16.943760,47.356998,8.014099,,,,,,,
1530639439.012068,-2.827474,-1.263408,2.773741,2.074951,1.779620,0.926844,-0.093487,0.953127,0.287764,0.137433,0.619428,-1.485396,17.479591,46.793583,7.077988,,,,,,,
1530639439.032037,-2.779564,-1.288516,2.791432,0.677250,1.628349,-0.119169,-0.098653,0.960423,0.260491,-0.021922,0.145137,-0.940010,17.248901,46.775307,7.150162,,,,,,,
1530639439.052006,-2.707009,-1.289220,2.812879,-0.001974,3.236196,-0.325264,-0.116992,0.960619,0.252040,0.201358,-0.607469,-0.514232,16.598808,46.694008,7.805901,,,,,,,
1530639439.071975,-2.610738,-1.284921,2.838105,0.001080,3.604675,-0.451865,-0.142767,0.959415,0.243187,0.220663,-0.910160,-0.514992,15.459332,46.927036,9.144875,,,,,,,
1530639439.091943,-2.516621,-1.284021,2.873192,0.350419,2.880597,-0.322116,-0.165495,0.959161,0.229395,0.285002,-0.887643,-0.575723,13.867340,47.345749,10.941582,,,,,,,
1530639439.111912,-2.446260,-1.291751,2.894779,0.518634,2.470142,0.279168,-0.176457,0.961319,0.211492,0.446263,-0.410507,-0.544958,13.150585,47.594566,11.428955,,,,,,,
1530639439.131881,-2.417762,-1.310356,2.876962,0.510652,2.353848,1.132884,-0.170536,0.966277,0.192943,0.493595,0.183153,-0.606838,13.430130,47.485550,11.936768,,,,,,,
1530639439.151850,-2.440648,-1.336575,2.805786,0.344618,2.419609,1.688251,-0.149681,0.972695,0.177367,0.430031,0.588447,-0.585342,14.377197,47.208019,12.278664,,,,,,,
1530639439.171818,-2.488770,-1.363254,2.712480,0.468376,2.095864,1.565656,-0.125165,0.978540,0.163685,0.250195,0.639837,-0.603520,15.152878,46.980404,12.856850,,,,,,,
1530639439.191787,-2.517905,-1.391085,2.648366,0.931811,1.584911,1.201258,-0.104394,0.983895,0.145094,0.149346,0.440803,-0.555113,15.713032,46.461617,12.675377,,,,,,,
1530639439.211756,-2.503684,-1.422821,2.639314,1.377730,1.057882,0.927563,-0.087801,0.989072,0.118442,0.065920,0.146777,-0.414600,16.152477,46.336250,11.925514,,,,,,,
1530639439.231725,-2.450259,-1.457396,2.680328,1.581932,0.536217,0.847379,-0.072145,0.993577,0.087176,0.017717,-0.150926,-0.271227,16.635807,46.195595,10.936241,,,,,,,
1530639439.251693,-2.340968,-1.493237,2.787882,1.701547,0.001849,0.852151,-0.055615,0.996994,0.053947,-0.044879,-0.314117,-0.207084,17.219574,46.054634,9.470840,,,,,,,
1530639439.271662,-2.031313,-1.528367,3.107534,1.828277,-0.610001,0.886675,-0.037998,0.999100,0.018851,-0.120648,-0.325363,-0.179343,17.887745,46.207664,8.056755,,,,,,,
1530639439.291631,-0.786446,-1.543154,-1.910432,2.012482,-1.019991,0.940974,-0.019565,0.999618,-0.019524,-0.194654,-0.204452,-0.128334,18.836678,45.907257,5.823311,,,,,,,
1530639439.311599,-0.025383,-1.508554,-1.127773,2.302867,-0.743035,0.945684,-0.001579,0.998064,-0.062183,-0.297387,-0.014665,0.002673,19.459080,46.003735,3.830437,,,,,,,
1530639439.331568,0.184679,-1.444230,-0.934079,3.449564,1.853417,1.204823,0.023180,0.992001,-0.124083,-0.454103,0.093540,0.321303,20.292458,45.666393,1.461037,,,,,,,
1530639439.351537,0.267105,-1.376444,-0.896712,3.026119,2.536752,0.904175,0.050975,0.981173,-0.186282,-0.526027,0.165098,0.267459,20.890392,45.281643,-0.207527,,,,,,,
1530639439.371506,0.328525,-1.323297,-0.891937,2.183612,3.391027,0.807270,0.079042,0.969528,-0.231878,-0.489259,0.006332,0.403035,21.646008,44.805077,-0.815308,,,,,,,
1530639439.391475,0.442030,-1.288882,-0.869206,1.168573,5.279650,0.881128,0.119005,0.960525,-0.251456,-0.404649,-0.037429,0.799612,22.341343,44.713547,0.516396,,,,,,,
1530639439.411443,0.545241,-1.253158,-0.879107,2.175128,5.628757,0.634802,0.161978,0.949976,-0.267037,-0.527182,0.116308,0.472374,22.718983,44.546295,1.454361,,,,,,,
1530639439.431412,0.591758,-1.214148,-0.917033,1.442597,2.980228,0.383942,0.194755,0.937072,-0.289769,-0.615928,0.088288,0.744648,22.781956,44.687237,1.733231,,,,,,,
1530639439.451381,0.605017,-1.211005,-0.914113,-0.535981,-0.625780,-0.071800,0.200254,0.935970,-0.289582,-0.542035,0.276356,0.233338,22.416904,44.843674,1.927345,,,,,,,
1530639439.471350,0.590013,-1.232569,-0.890682,-1.325727,-2.294557,-0.403609,0.184613,0.943344,-0.275716,-0.499752,0.218796,0.104314,21.556576,45.363235,2.460152,,,,,,,
1530639439.491319,0.545571,-1.257318,-0.878802,-0.770297,-2.811090,-0.604001,0.160015,0.951267,-0.263604,-0.432109,0.192471,0.141716,20.508682,46.078365,2.110970,,,,,,,
1530639439.511287,0.470818,-1.265117,-0.908570,0.053313,-1.948490,-0.547151,0.136511,0.953643,-0.268198,-0.359030,0.105439,0.305079,19.497650,46.482185,1.792999,,,,,,,
1530639439.531256,0.416444,-1.273009,-0.925163,-0.500735,-1.899816,-0.375990,0.118686,0.955988,-0.268329,-0.427905,0.175116,0.255893,18.514702,47.213081,1.258919,,,,,,,
1530639439.551225,0.371990,-1.296672,-0.948010,-1.257308,-0.043053,-1.134429,0.098392,0.962663,-0.252189,-0.693546,0.502044,0.632911,17.196156,47.604057,2.302254,,,,,,,
1530639439.571194,0.332793,-1.344697,-1.021999,-2.411952,2.564986,-1.962647,0.073235,0.974548,-0.211878,-0.808648,0.637589,0.936625,14.803898,48.611462,5.354729,,,,,,,
1530639439.591163,0.265351,-1.409408,-1.156818,-2.630416,3.433057,-2.328223,0.042140,0.987005,-0.155065,-0.525234,0.741938,0.839071,11.850857,49.174866,9.039932,,,,,,,
1530639439.611132,-0.014827,-1.471842,-1.482296,-2.990986,1.118684,-2.549086,-0.001465,0.995108,-0.098782,0.017319,0.569284,0.532207,8.627823,49.276226,12.453415,,,,,,,
1530639439.631100,-0.994400,-1.506530,-2.447796,-3.235384,-1.900127,-2.595550,-0.053846,0.997936,-0.035002,0.100172,0.445820,-0.180300,5.963913,48.944046,16.055794,,,,,,,
1530639439.651069,-1.924219,-1.459823,2.972474,-3.522230,-4.263298,-2.467991,-0.103902,0.993849,0.038331,0.044194,0.511980,-0.557618,4.031418,48.202961,19.421654,,,,,,,
1530639439.671038,-2.294536,-1.383019,2.705904,-3.690557,-5.844355,-2.104966,-0.139883,0.982422,0.123615,0.060064,0.752671,-0.556187,3.602642,46.670753,22.850868,,,,,,,
1530639439.691007,-2.517304,-1.306500,2.608699,-3.431892,-6.575906,-1.528854,-0.152694,0.965277,0.211956,0.101623,0.981852,-0.575878,4.634029,44.670341,26.118011,,,,,,,
1530639439.710976,-2.689979,-1.244827,2.562682,-2.668232,-6.176980,-0.666865,-0.139753,0.947341,0.288122,0.329358,1.021486,-0.533514,6.944599,42.514168,28.484554,,,,,,,
1530639439.730944,-2.826017,-1.209674,2.524344,-1.291320,-3.932157,0.304258,-0.109659,0.935501,0.335877,0.434076,0.755326,-0.549057,9.444294,40.879238,29.606297,,,,,,,
1530639439.750913,-2.894851,-1.212393,2.479720,0.618055,0.194341,1.003765,-0.085676,0.936458,0.340155,0.383711,0.260472,-0.688055,10.846455,39.716995,29.924446,,,,,,,
1530639439.770882,-2.904819,-1.239761,2.431864,1.219480,2.446305,1.138712,-0.076240,0.945706,0.315953,0.294272,-0.194989,-0.509801,10.822842,39.466949,29.578674,,,,,,,
1530639439.790851,-2.921168,-1.243324,2.367163,-1.165850,1.804602,0.979862,-0.070327,0.946858,0.313868,0.433120,-0.604039,0.326681,10.616150,38.481178,30.495815,,,,,,,
1530639439.810820,-2.952893,-1.208183,2.301340,-2.101036,1.505240,0.574239,-0.066538,0.934973,0.348421,0.361857,-0.660803,-0.330996,10.412861,36.785080,32.387836,,,,,,,
1530639439.830788,-2.948894,-1.176544,2.270864,-1.287381,1.649769,0.069061,-0.073562,0.923284,0.377008,0.297896,-0.642492,-0.827798,9.703407,35.190460,34.117615,,,,,,,
1530639439.850757,-2.922620,-1.165229,2.274141,-0.090002,0.728851,-0.270629,-0.085705,0.918879,0.385119,0.288860,-0.694361,-1.092440,8.961800,34.521309,34.860069,,,,,,,
1530639439.870726,-2.918304,-1.173739,2.293520,0.758428,-1.518230,-0.222566,-0.085631,0.922203,0.377105,0.379409,-0.768333,-1.278991,9.273632,34.533661,35.235867,,,,,,,
1530639439.890695,-2.946007,-1.189484,2.307614,0.783200,-2.116786,-0.030503,-0.072322,0.928177,0.365043,0.339167,-0.810410,-0.740486,10.502090,34.683823,34.733467,,,,,,,
1530639439.910664,-2.973935,-1.204368,2.313145,0.791685,-1.254188,0.065243,-0.059788,0.933613,0.353259,0.239262,-0.812016,-0.558596,11.530704,35.220436,34.184662,,,,,,,
1530639439.930632,-2.983190,-1.226417,2.319884,1.339090,-0.636064,0.049443,-0.053255,0.941285,0.333386,0.141192,-0.827317,-0.706631,12.244568,35.711563,33.798290,,,,,,,
1530639439.950601,-2.988421,-1.259937,2.341798,1.890935,-2.008864,-0.204655,-0.046669,0.952071,0.302295,0.041938,-0.723662,-0.891650,13.115482,36.895401,32.889313,,,,,,,
1530639439.970570,-3.009680,-1.300254,2.391065,2.177963,-4.056874,-0.502319,-0.035152,0.963626,0.264932,0.014598,-0.420795,-0.852670,14.586365,38.333572,30.998703,,,,,,,
1530639439.990539,-3.022982,-1.320196,2.462928,-0.906020,-3.876851,-1.166370,-0.029345,0.968764,0.246244,-0.062116,0.103487,0.225252,16.084194,39.484127,29.372074,,,,,,,
1530639440.010508,-2.946573,-1.152582,2.519195,-6.682904,5.364615,-1.933801,-0.078702,0.913816,0.398431,-0.537188,2.603976,6.837424,14.311378,36.394844,35.063351,,,,,,,
1530639440.030476,-2.883444,-1.108276,2.511867,-0.660407,0.462081,0.499919,-0.113912,0.894931,0.431419,0.863241,1.911405,0.573799,12.133198,34.459641,38.309769,,,,,,,
1530639440.050445,-2.981971,-1.124655,2.463345,1.132618,-3.846708,1.401568,-0.068583,0.902119,0.426002,0.657435,0.459866,-0.306633,14.696384,33.388329,37.538288,,,,,,,
1530639440.070414,-3.074885,-1.151945,2.415687,1.388064,-1.367084,0.878015,-0.027111,0.913557,0.405806,0.219692,-0.424512,0.900194,17.363350,33.194557,36.591202,,,,,,,
1530639440.090383,-3.076871,-1.194320,2.402317,2.793050,1.623112,0.058852,-0.023778,0.929966,0.366876,-0.159480,-0.291492,-1.007806,18.100021,33.628006,35.769104,,,,,,,
1530639440.110352,-2.995617,-1.257946,2.435681,3.054519,2.710443,-0.268720,-0.044768,0.951460,0.304498,-0.036943,0.306032,-1.437463,16.801598,35.105736,34.867153,,,,,,,
1530639440.130320,-2.910646,-1.291803,2.462478,0.862032,3.266288,0.071192,-0.063036,0.961333,0.268075,0.277696,0.390153,-0.615381,15.212463,36.128677,34.796349,,,,,,,
1530639440.150289,-2.852428,-1.292069,2.443637,-0.365941,4.109561,0.306212,-0.078454,0.961406,0.263709,0.424798,-0.064815,-0.351539,13.388538,35.723633,36.100105,,,,,,,
1530639440.170258,-2.796534,-1.285526,2.412826,-0.411072,4.334780,0.305626,-0.095189,0.959585,0.264828,0.289907,-0.331824,-0.398327,10.975540,35.055992,37.435116,,,,,,,
1530639440.190227,-2.734821,-1.285237,2.387567,0.065718,4.248205,0.350814,-0.111451,0.959504,0.258707,0.254700,-0.283006,-0.455347,8.233223,35.031128,38.654598,,,,,,,
1530639440.210196,-2.668774,-1.299179,2.374113,0.841997,3.695449,0.589012,-0.122178,0.963338,0.238854,0.281709,0.004740,-0.602776,5.982803,35.134041,39.460300,,,,,,,
1530639440.230164,-2.624461,-1.328467,2.355131,1.325454,2.784178,1.123031,-0.118635,0.970782,0.208586,0.306562,0.299863,-0.550673,4.344604,35.664818,39.261494,,,,,,,
1530639440.250133,-2.628552,-1.371481,2.314993,1.861895,1.078397,1.609521,-0.097183,0.980202,0.172506,0.146988,0.368675,-0.450461,4.060875,36.358467,38.680229,,,,,,,
1530639440.270102,-2.688439,-1.420981,2.248092,1.879526,-0.112001,1.662907,-0.065344,0.988799,0.134190,-0.011118,0.314790,-0.330220,4.718872,37.228592,37.669117,,,,,,,
1530639440.290071,-2.832342,-1.465530,2.118432,1.713930,-1.141111,1.548627,-0.031977,0.994465,0.100083,-0.092886,0.204327,-0.287339,6.328224,37.996712,36.457401,,,,,,,
1530639440.310040,3.132488,-1.508431,1.833113,2.177022,-1.990888,1.492135,0.000567,0.998056,0.062316,-0.198367,0.012152,-0.243484,8.442410,38.699715,35.162434,,,,,,,
1530639440.330008,1.847473,-1.538559,0.593190,2.801083,-2.440587,1.361439,0.030994,0.999480,0.008801,-0.305362,-0.152251,-0.101819,10.993309,39.585384,32.975124,,,,,,,
1530639440.349977,0.868467,-1.503982,-0.343659,2.182666,-1.738779,0.793331,0.050959,0.997769,-0.043125,-0.454752,-0.174298,0.380924,13.093330,40.492981,30.574734,,,,,,,
1530639440.369946,0.663497,-1.477474,-0.532976,1.097131,-0.349568,0.136452,0.057389,0.995649,-0.073413,-0.517136,-0.186475,0.542835,14.217426,41.223469,29.117615,,,,,,,
1530639440.389915,0.558447,-1.466755,-0.638862,0.598755,0.158724,-0.230030,0.055026,0.994593,-0.088072,-0.378925,-0.162500,0.186064,14.379761,41.388931,28.505680,,,,,,,
1530639440.409884,0.467385,-1.457824,-0.740585,0.835623,0.847500,-0.231394,0.050789,0.993625,-0.100637,-0.281685,-0.176197,0.129033,14.070751,41.672321,28.319344,,,,,,,
1530639440.429853,0.386502,-1.436311,-0.852461,1.443375,1.788702,-0.196664,0.050540,0.990970,-0.124186,-0.216373,-0.182224,0.168284,13.296154,42.201088,28.007046,,,,,,,
1530639440.449821,0.329624,-1.409415,-0.947707,1.489107,1.823671,-0.147372,0.052010,0.987006,-0.152029,-0.175988,-0.195731,0.123221,12.462105,42.610107,27.353107,,,,,,,
1530639440.469790,0.308691,-1.382679,-1.001237,1.376364,1.435924,0.056883,0.056815,0.982358,-0.178169,-0.126075,-0.256269,0.094352,11.705559,43.540104,26.877132,,,,,,,
1530639440.489759,0.307172,-1.356318,-1.026048,1.308030,0.962355,0.218183,0.064354,0.977087,-0.202874,-0.107323,-0.228064,0.102670,11.263985,43.954853,26.158260,,,,,,,
1530639440.509728,0.307222,-1.329704,-1.040101,1.366607,0.538233,0.246790,0.072205,0.971078,-0.227583,-0.110565,-0.140984,0.140638,11.221073,44.565533,25.532131,,,,,,,
1530639440.529697,0.287819,-1.297262,-1.067421,1.834679,0.254425,0.079726,0.076681,0.962822,-0.259023,-0.100164,0.036445,0.178182,11.373730,45.134468,24.450218,,,,,,,
1530639440.549666,0.271375,-1.265547,-1.088967,1.176885,0.288842,0.242214,0.080559,0.953772,-0.289531,-0.051994,0.212854,0.572170,11.510544,45.667168,23.344795,,,,,,,
1530639440.569635,0.299411,-1.259151,-1.066253,-0.228229,0.225770,0.489856,0.090441,0.951830,-0.292982,-0.115526,0.347333,0.706327,12.068672,45.764175,23.253815,,,,,,,
1530639440.589604,0.335370,-1.266776,-1.024249,-0.701809,-0.461581,0.456001,0.098524,0.954141,-0.282680,-0.269636,0.288795,0.184291,12.786839,45.383327,23.887890,,,,,,,
1530639440.609573,0.372314,-1.275084,-0.981459,-0.525677,0.252682,0.443546,0.106010,0.956595,-0.271454,-0.453651,0.316904,0.565460,13.571072,44.815620,24.809277,,,,,,,
1530639440.629542,0.422427,-1.293436,-0.948029,-1.423376,1.198085,-0.217471,0.112258,0.961782,-0.249747,-0.738006,0.610392,0.791754,13.417603,44.018700,26.315563,,,,,,,
1530639440.649510,0.462092,-1.335759,-0.937863,-2.214105,1.635147,-1.124761,0.103822,0.972506,-0.208454,-0.871125,0.737028,0.625461,12.183872,43.224678,28.509457,,,,,,,
1530639440.669479,0.465888,-1.391754,-0.970291,-2.389288,1.867051,-1.766727,0.079999,0.984015,-0.159105,-1.022336,0.908335,0.661181,10.238033,42.370144,30.850380,,,,,,,
1530639440.689448,0.380795,-1.460419,-1.072361,-3.165692,-0.229691,-2.309982,0.040938,0.993915,-0.102259,-0.656737,0.826962,0.655421,9.267494,40.789886,33.402214,,,,,,,
1530639440.709417,-0.331479,-1.534905,-1.742217,-3.536424,-3.233851,-2.553475,-0.011674,0.999356,-0.033918,-0.121658,0.503009,-0.291690,9.703445,39.021103,35.562862,,,,,,,
1530639440.729386,-2.165713,-1.496509,2.793684,-3.652283,-4.923527,-2.449298,-0.061461,0.997242,0.041591,-0.031007,0.440762,-0.546062,11.556263,37.192497,36.840107,,,,,,,
1530639440.749354,-2.476716,-1.416045,2.586362,-3.525841,-5.284133,-1.871064,-0.095092,0.988050,0.121299,0.153335,0.594302,-0.533637,14.198719,35.319656,37.751183,,,,,,,
1530639440.769323,-2.651242,-1.344330,2.517515,-3.222462,-5.322428,-1.136774,-0.105739,0.974466,0.198073,0.184032,0.862128,-0.540923,17.709087,33.428413,38.069401,,,,,,,
1530639440.789292,-2.786394,-1.290171,2.473324,-2.313248,-3.952118,-0.272725,-0.096317,0.960882,0.259664,0.268528,0.972238,-0.594838,20.569084,32.070869,37.551086,,,,,,,
1530639440.809261,-2.874700,-1.265557,2.427763,-0.680193,-1.066982,0.520798,-0.079257,0.953775,0.289878,0.350787,0.678351,-0.688301,22.036011,31.268242,37.250710,,,,,,,
1530639440.829230,-2.900958,-1.274478,2.385903,0.685875,1.652124,0.752305,-0.069589,0.956418,0.283584,0.303292,0.171054,-0.722671,21.942352,31.513412,37.235722,,,,,,,
1530639440.849198,-2.878090,-1.292823,2.357514,0.708588,2.829466,0.509680,-0.071472,0.961614,0.264932,0.264557,-0.304662,-0.480951,20.490585,31.993843,37.657578,,,,,,,
1530639440.869167,-2.866559,-1.285901,2.329118,-1.486335,1.005496,0.178087,-0.076328,0.959691,0.270490,0.314808,-0.671987,0.090899,19.783726,31.331749,38.714813,,,,,,,
1530639440.889136,-2.904356,-1.243268,2.287809,-2.347785,-0.219525,0.012035,-0.075605,0.946840,0.312690,0.327070,-0.755419,-0.381247,19.839756,30.167580,39.854221,,,,,,,
1530639440.909105,-2.932962,-1.206216,2.264705,-1.538900,-0.355283,-0.029603,-0.073850,0.934273,0.348823,0.303143,-0.742196,-0.807349,20.215744,28.964333,40.577339,,,,,,,
1530639440.929074,-2.955056,-1.189963,2.254906,-0.404089,-0.888589,0.092696,-0.068933,0.928355,0.365244,0.307061,-0.707744,-1.024302,20.919838,28.676331,40.950066,,,,,,,
1530639440.949042,-2.997315,-1.194168,2.245749,0.448482,-2.132976,0.251246,-0.052879,0.929910,0.363963,0.314583,-0.647119,-1.163020,22.574871,28.788933,39.617851,,,,,,,
1530639440.969011,-3.052087,-1.209499,2.237971,0.869402,-2.359109,0.206839,-0.031597,0.935439,0.352070,0.237361,-0.597411,-0.894292,24.515720,29.537155,37.933975,,,,,,,
1530639440.988980,-3.095527,-1.223243,2.238091,0.514952,-1.943177,-0.060237,-0.015684,0.940209,0.340236,0.100416,-0.577278,-0.513271,26.165035,30.208183,36.490387,,,,,,,
1530639441.008949,-3.108086,-1.232700,2.253157,0.560857,-0.942395,-0.313671,-0.011112,0.943388,0.331505,0.037769,-0.605574,-0.498649,27.096588,30.998024,35.753643,,,,,,,
1530639441.028918,-3.094762,-1.251700,2.283161,1.246382,-0.821850,-0.537183,-0.014686,0.949519,0.313364,0.036384,-0.696422,-0.709727,27.565353,32.571503,34.605000,,,,,,,
1530639441.048886,-3.071217,-1.283856,2.344868,1.856403,-2.351245,-0.977077,-0.019901,0.959114,0.282317,-0.068966,-0.467568,-0.824676,28.591785,34.228798,32.435928,,,,,,,
1530639441.068855,-3.030546,-1.314966,2.444643,1.138930,-2.840932,-1.327698,-0.028043,0.967453,0.251491,0.008313,-0.066178,-0.237926,29.497265,36.304253,29.877144,,,,,,,
1530639441.088824,-2.973575,-1.211007,2.529683,-8.209447,0.286274,-1.974367,-0.058877,0.935971,0.347119,-0.609519,1.583728,5.947956,28.866043,35.589584,32.829376,,,,,,,
1530639441.108793,-2.926475,-1.154995,2.515193,-0.822915,1.951816,0.587571,-0.086222,0.914793,0.394613,0.622752,2.204287,1.947763,27.618397,34.547165,35.648331,,,,,,,
1530639441.128762,-3.014281,-1.165146,2.458504,0.701103,-3.504731,1.456353,-0.050104,0.918846,0.391423,0.736261,0.738503,-0.113271,29.597748,34.266876,34.770329,,,,,,,
1530639441.148730,-3.138268,-1.178411,2.389559,0.559064,-1.814020,1.214725,-0.001271,0.924000,0.382392,0.507268,0.072659,1.220544,31.981716,33.765678,32.722946,,,,,,,
1530639441.168699,3.138561,-1.210959,2.347651,2.368891,3.677109,0.455075,0.001068,0.935954,0.352120,0.117173,0.356664,-1.056100,31.606236,34.569405,32.999191,,,,,,,
1530639441.188668,-3.048184,-1.254200,2.364690,1.657497,3.617874,-0.523391,-0.029039,0.950301,0.309977,-0.076521,0.392000,-1.255594,29.257549,35.671936,33.929893,,,,,,,
1530639441.208637,-2.942277,-1.265331,2.407395,0.221086,3.246477,-0.545454,-0.059545,0.953707,0.294782,0.192877,-0.305682,-0.639112,26.928383,36.823349,35.306450,,,,,,,
1530639441.228606,-2.842933,-1.262605,2.441418,-0.052740,3.372329,-0.533301,-0.089253,0.952884,0.289907,0.164540,-0.694339,-0.555899,24.489052,37.269615,37.290302,,,,,,,
1530639441.248574,-2.752063,-1.261712,2.468860,0.230361,3.113166,-0.264700,-0.115516,0.952612,0.281400,0.209876,-0.754508,-0.617093,22.282352,37.716782,38.942474,,,,,,,
1530639441.268543,-2.697102,-1.271153,2.469210,0.526185,2.463017,0.510937,-0.126927,0.955442,0.266497,0.325642,-0.320539,-0.678499,20.641079,38.168602,39.772160,,,,,,,
1530639441.288512,-2.706340,-1.290896,2.421667,0.621497,1.400918,1.323394,-0.116482,0.961083,0.250502,0.314160,0.280540,-0.771636,20.187618,38.098671,40.383610,,,,,,,
1530639441.308481,-2.784132,-1.315000,2.326724,0.649860,0.262154,1.731754,-0.088529,0.967462,0.237022,0.200010,0.666541,-0.776054,20.977856,37.969917,40.272610,,,,,,,
1530639441.328450,-2.898369,-1.340207,2.216287,0.926329,-0.674969,1.544177,-0.055043,0.973532,0.221825,0.024724,0.658487,-0.717354,22.470383,37.866241,39.635941,,,,,,,
1530639441.348418,-3.015918,-1.369105,2.117075,1.431863,-1.192429,1.160960,-0.025110,0.979729,0.198748,-0.051062,0.396782,-0.583605,24.167221,38.174164,38.390942,,,,,,,
1530639441.368387,-3.126429,-1.405474,2.031251,1.928963,-1.365447,0.775188,-0.002495,0.986365,0.164552,-0.107841,0.124383,-0.415300,25.532265,38.838539,36.709393,,,,,,,
1530639441.388356,3.030281,-1.447537,1.932450,2.242473,-1.476421,0.525406,0.013657,0.992413,0.122186,-0.113846,-0.155347,-0.264871,26.939430,39.773880,34.017002,,,,,,,
1530639441.408325,2.820695,-1.492353,1.753134,2.446499,-1.619739,0.328405,0.024717,0.996925,0.074363,-0.142774,-0.336357,-0.166358,28.222904,40.906929,31.486771,,,,,,,
1530639441.428293,2.200092,-1.532781,1.165366,2.631339,-1.688234,0.167558,0.030729,0.999277,0.022372,-0.173307,-0.376261,-0.089465,29.225437,42.096245,28.436707,,,,,,,
1530639441.448262,0.712917,-1.516335,-0.304184,3.766005,0.071779,0.379652,0.035603,0.998517,-0.041178,-0.194310,-0.274381,0.117518,30.046886,43.503841,25.474770,,,,,,,
1530639441.468231,0.377133,-1.436140,-0.700414,4.223848,4.574920,0.319912,0.049439,0.990947,-0.124817,-0.370270,-0.006771,0.885696,29.280258,45.224445,23.431557,,,,,,,
1530639441.488200,0.374753,-1.372445,-0.827313,2.773972,6.727444,0.085827,0.072130,0.980393,-0.183377,-0.274690,-0.020096,0.802578,27.279991,46.648304,23.899559,,,,,,,
1530639441.508169,0.429006,-1.338320,-0.901561,1.405656,5.837713,-0.172422,0.095834,0.973099,-0.209510,-0.220254,-0.013199,0.248145,24.455303,48.010681,25.021542,,,,,,,
1530639441.528137,0.480254,-1.325497,-0.945749,0.509122,4.053833,-0.136951,0.112196,0.970065,-0.215375,-0.183577,-0.063998,0.074811,22.200348,48.628574,26.534061,,,,,,,
1530639441.548105,0.505066,-1.308114,-0.960815,1.593314,0.054266,0.620597,0.125646,0.965697,-0.227249,-0.008382,-0.101409,0.114410,21.533714,49.286068,26.759132,,,,,,,
1530639441.568074,0.481156,-1.268566,-0.949168,1.435722,-2.456917,1.233556,0.137754,0.954675,-0.263855,-0.103635,-0.042596,0.295257,23.234844,49.597576,24.756245,,,,,,,
1530639441.588043,0.468507,-1.246111,-0.906957,0.265686,-2.456732,0.942967,0.144051,0.947751,-0.284635,-0.407310,0.121783,0.905301,25.522160,49.520641,22.653999,,,,,,,
1530639441.608012,0.467326,-1.243521,-0.867222,-0.354454,-1.765433,0.457872,0.144819,0.946922,-0.286995,-0.462812,0.267083,0.520805,26.899075,49.398518,21.566170,,,,,,,
1530639441.627980,0.464212,-1.251288,-0.836162,-0.685749,-1.520571,0.184327,0.140628,0.949390,-0.280860,-0.402072,0.321866,0.246939,27.908298,49.492599,21.225952,,,,,,,
1530639441.647949,0.469046,-1.262514,-0.808086,-0.577616,-0.667031,0.148465,0.137157,0.952856,-0.270652,-0.423687,0.284799,0.273246,28.527924,49.304482,21.448151,,,,,,,
1530639441.667918,0.493706,-1.261588,-0.791260,0.104974,0.905132,0.249070,0.144207,0.952575,-0.267965,-0.500302,0.202989,0.338476,28.670792,49.176636,21.766891,,,,,,,
1530639441.687887,0.507675,-1.264309,-0.794585,-0.280792,0.703361,-0.406768,0.146676,0.953399,-0.263658,-0.671731,0.401078,0.215532,28.264240,49.496300,22.212326,,,,,,,
1530639441.707856,0.524582,-1.297306,-0.828476,-1.927869,4.002249,-1.820670,0.135276,0.962834,-0.233774,-1.049141,0.666606,1.387034,26.035267,49.900955,24.393734,,,,,,,
1530639441.727824,0.560528,-1.373393,-0.895700,-3.139500,5.166293,-2.955075,0.104266,0.980579,-0.166111,-0.901034,0.750881,0.995487,21.271748,50.601147,29.257923,,,,,,,
1530639441.747793,0.494576,-1.445033,-1.027845,-2.387785,1.445489,-2.584141,0.059538,0.992102,-0.110402,-0.253309,0.712930,0.433644,16.433899,50.313351,33.305729,,,,,,,
1530639441.767762,0.150228,-1.519255,-1.349754,-3.287335,-2.486871,-2.511545,0.007710,0.998672,-0.050938,0.025279,0.495026,0.119556,13.910419,49.249035,36.142467,,,,,,,
1530639441.787731,-2.003644,-1.523236,2.858840,-3.593442,-4.764456,-2.467494,-0.043159,0.998869,0.019942,-0.077035,0.471163,-0.538222,13.471451,47.470604,38.208023,,,,,,,
1530639441.807700,-2.456859,-1.438887,2.515688,-3.802581,-5.929392,-2.254096,-0.083186,0.991313,0.101879,-0.080754,0.668004,-0.536480,14.507591,45.006741,39.773010,,,,,,,
1530639441.827668,-2.630557,-1.356816,2.463578,-3.499558,-6.150596,-1.728839,-0.103857,0.977193,0.185221,0.018194,0.884852,-0.570093,16.804668,42.394009,40.710072,,,,,,,
1530639441.847637,-2.765860,-1.287596,2.449357,-2.993144,-5.939989,-1.079639,-0.102538,0.960166,0.259937,0.120421,1.118920,-0.538425,19.626362,39.773304,40.810089,,,,,,,
1530639441.867606,-2.878779,-1.238968,2.432829,-1.951052,-3.972654,-0.193641,-0.084635,0.945448,0.314586,0.303110,1.002916,-0.519832,22.216976,37.587509,40.147766,,,,,,,
1530639441.887575,-2.938146,-1.222689,2.407973,-0.186667,-0.467059,0.425678,-0.068922,0.940020,0.334084,0.281553,0.523847,-0.661354,23.181511,35.894440,39.237717,,,,,,,
1530639441.907544,-2.935604,-1.237869,2.378777,0.988309,2.429671,0.681648,-0.066844,0.945090,0.319901,0.277324,-0.065924,-0.574082,22.402283,35.210411,38.889141,,,,,,,
1530639441.927512,-2.916829,-1.252363,2.342330,-0.275116,2.309028,0.787291,-0.069778,0.949727,0.305204,0.345245,-0.493810,-0.191816,20.382107,34.887466,39.069675,,,,,,,
1530639441.947481,-2.949472,-1.225414,2.276718,-1.988732,1.165433,0.699751,-0.064644,0.940946,0.332327,0.437004,-0.719938,-0.105932,19.039928,33.509361,39.843010,,,,,,,
1530639441.967450,-2.969480,-1.190183,2.229687,-1.658873,1.331006,0.367002,-0.063623,0.928437,0.366001,0.356378,-0.677643,-0.653828,17.893124,31.660110,41.215305,,,,,,,
1530639441.987419,-2.957036,-1.169648,2.215203,-0.692771,1.119405,-0.048768,-0.071656,0.920613,0.383844,0.336595,-0.681539,-0.930307,16.712276,29.982208,41.709232,,,,,,,
1530639442.007388,-2.947186,-1.167711,2.222369,0.292162,-0.508382,-0.166343,-0.075778,0.919855,0.384868,0.371890,-0.689890,-1.159724,16.085613,29.413612,41.789013,,,,,,,
1530639442.027356,-2.977355,-1.180835,2.232793,0.868009,-2.661252,-0.000597,-0.062155,0.924924,0.375036,0.422949,-0.705304,-1.209829,16.821972,29.458366,40.960518,,,,,,,
1530639442.047325,-3.036659,-1.198523,2.234647,0.806146,-3.075049,0.137194,-0.038098,0.931503,0.361733,0.328152,-0.690917,-0.736382,19.724342,29.541809,38.483803,,,,,,,
1530639442.067294,-3.091707,-1.213066,2.227479,0.701529,-1.832471,0.204701,-0.017460,0.936694,0.349713,0.214894,-0.697131,-0.527112,20.883343,29.848312,37.138794,,,,,,,
1530639442.087263,-3.116990,-1.230212,2.220335,0.971786,-0.586490,0.081641,-0.008217,0.942560,0.333935,0.111184,-0.782342,-0.577404,21.484615,30.214012,36.603321,,,,,,,
1530639442.107232,-3.126067,-1.252878,2.240946,1.255327,-2.255614,-0.570079,-0.004853,0.949888,0.312553,-0.138992,-0.576719,-0.832023,22.712799,30.797134,35.248562,,,,,,,
1530639442.127200,-3.135175,-1.283961,2.302895,1.691659,-3.775790,-1.057686,-0.001816,0.959144,0.282912,-0.063645,-0.253654,-0.793532,24.250538,31.858757,32.872177,,,,,,,
1530639442.147169,-3.093122,-1.275743,2.412068,-3.610146,-1.757050,-2.036503,-0.014089,0.956787,0.290449,-0.297297,0.429306,1.231005,24.539509,30.933426,33.499428,,,,,,,
1530639442.167138,-2.976412,-1.150574,2.481519,-3.501602,4.568723,-0.971773,-0.067081,0.912998,0.402410,-0.039486,2.493435,4.835124,21.893711,28.543335,37.214050,,,,,,,
1530639442.187107,-2.968890,-1.144459,2.463324,0.905452,-1.375062,0.777428,-0.071065,0.910486,0.407387,0.650258,1.462606,0.301338,21.906158,27.638107,36.368893,,,,,,,
1530639442.207075,-3.075479,-1.179504,2.423546,1.658748,-3.612602,1.046570,-0.025196,0.924417,0.380550,0.513355,0.191595,0.381092,23.803261,27.416176,33.597534,,,,,,,
1530639442.227044,-3.137880,-1.212310,2.374261,1.851162,1.085739,0.867650,-0.001303,0.936429,0.350855,0.254629,0.010623,0.677237,23.611824,27.526756,32.183678,,,,,,,
1530639442.247013,-3.095639,-1.261418,2.346059,2.365364,4.002068,0.236665,-0.013987,0.952523,0.304145,-0.117682,0.484641,-1.480857,21.647705,27.947601,32.064423,,,,,,,
1530639442.266982,-2.998426,-1.282600,2.375762,0.307710,3.235946,-0.623006,-0.040552,0.958758,0.281316,-0.077764,0.407392,-0.840093,19.218231,28.195984,32.468857,,,,,,,
1530639442.286951,-2.887970,-1.273871,2.423196,-0.473338,3.264867,-0.777390,-0.073412,0.956241,0.283222,0.182589,-0.328814,-0.567402,16.632645,28.101036,33.438034,,,,,,,
1530639442.306919,-2.790954,-1.261654,2.457431,-0.318812,3.222500,-0.564615,-0.104506,0.952595,0.285729,0.222700,-0.607243,-0.523689,14.227978,27.921234,34.136940,,,,,,,
1530639442.326888,-2.713559,-1.261145,2.474502,0.314223,2.849661,0.002762,-0.126486,0.952440,0.277235,0.261740,-0.558214,-0.644834,12.319542,27.840576,34.448936,,,,,,,
1530639442.346857,-2.680518,-1.276286,2.463546,0.743560,1.718357,0.749855,-0.129144,0.956945,0.259959,0.317758,-0.079015,-0.699396,11.404972,27.637398,34.406017,,,,,,,
1530639442.366826,-2.703442,-1.300938,2.420175,0.884495,0.567936,1.242159,-0.113107,0.963809,0.241411,0.260476,0.373670,-0.657793,11.414707,27.624077,33.977497,,,,,,,
1530639442.386795,-2.763139,-1.328829,2.357155,1.027208,-0.214840,1.249802,-0.088533,0.970868,0.222657,0.100588,0.526492,-0.562760,11.930374,27.912964,32.954754,,,,,,,
1530639442.406763,-2.827680,-1.359610,2.304876,1.408148,-0.920682,0.975940,-0.064727,0.977783,0.199377,-0.007554,0.280838,-0.512243,12.650646,28.218765,31.852726,,,,,,,
1530639442.426732,-2.886678,-1.396637,2.270651,1.840969,-1.454772,0.765990,-0.043695,0.984873,0.167681,-0.026648,0.049612,-0.420778,13.799480,28.636742,30.375023,,,,,,,
1530639442.446701,-2.946169,-1.439569,2.244891,2.166242,-1.803829,0.622785,-0.025409,0.991402,0.128359,-0.043225,-0.114769,-0.286333,14.872597,29.481949,28.440514,,,,,,,
1530639442.466670,-3.013084,-1.487496,2.216422,2.447398,-1.975174,0.484143,-0.010663,0.996533,0.082518,-0.072406,-0.250439,-0.190062,15.935379,30.285591,26.417019,,,,,,,
1530639442.486639,3.108323,-1.543257,2.093229,3.061596,-1.811135,0.519374,0.000916,0.999621,0.027517,-0.088394,-0.345919,-0.099615,16.974899,31.124504,23.940495,,,,,,,
1530639442.506607,0.284647,-1.522637,-0.704481,4.015587,-0.910529,0.661299,0.013519,0.998841,-0.046205,-0.145203,-0.249390,0.058260,17.770256,32.145294,21.169762,,,,,,,
1530639442.526576,0.199967,-1.446924,-0.809747,3.302121,2.407685,0.239484,0.024543,0.992338,-0.121093,-0.363929,-0.004911,1.092178,17.436192,33.009689,19.391823,,,,,,,
1530639442.546546,0.212602,-1.403188,-0.880700,1.659034,4.941649,-0.230138,0.035201,0.985987,-0.163068,-0.304717,-0.006525,0.992338,16.090508,33.541405,19.500298,,,,,,,
1530639442.566515,0.251002,-1.385071,-0.946892,0.759685,5.058002,-0.410881,0.045865,0.982803,-0.178873,-0.141812,-0.012832,0.330209,14.079323,34.120369,20.266098,,,,,,,
1530639442.586484,0.293664,-1.375447,-0.995870,0.526570,4.239884,-0.223598,0.056187,0.980980,-0.185800,-0.059697,-0.061699,0.034738,12.471413,34.337479,21.330887,,,,,,,
1530639442.606452,0.338345,-1.359298,-1.020179,1.378280,2.705707,0.176230,0.069680,0.977717,-0.198024,-0.040810,-0.068294,-0.036367,11.278145,34.424881,21.253334,,,,,,,
1530639442.626421,0.325091,-1.310280,-1.051933,2.736276,-0.038922,0.632768,0.082270,0.966257,-0.244088,-0.061625,-0.001779,-0.118872,11.383034,34.922882,19.868111,,,,,,,
1530639442.646390,0.299689,-1.265891,-1.044566,1.188719,-2.639248,0.793118,0.088627,0.953875,-0.286822,-0.191898,-0.015933,0.708148,12.408295,35.016350,18.203209,,,,,,,
1530639442.666359,0.280098,-1.265277,-1.001487,-0.640266,-3.011261,0.559531,0.083153,0.953691,-0.289066,-0.364876,0.133666,0.860035,13.611824,34.751251,17.204704,,,,,,,
1530639442.686327,0.271630,-1.278639,-0.950165,-0.906604,-2.729607,0.549707,0.077276,0.957625,-0.277459,-0.244314,0.207430,0.229043,14.913200,33.982864,16.642403,,,,,,,
1530639442.706296,0.281011,-1.289295,-0.895728,-0.502692,-1.629686,0.629437,0.077041,0.960639,-0.266902,-0.299834,0.143456,0.258631,15.899670,33.303307,16.167099,,,,,,,
1530639442.726265,0.311491,-1.285539,-0.851319,0.240680,-0.062208,0.606420,0.086244,0.959589,-0.267862,-0.415895,0.181661,0.285897,16.533955,32.954628,15.710037,,,,,,,
1530639442.746234,0.333677,-1.279320,-0.834055,0.094762,0.414929,0.099060,0.094118,0.957821,-0.271516,-0.559786,0.327717,0.273469,16.749859,32.671875,15.655441,,,,,,,
1530639442.766203,0.362074,-1.301757,-0.859113,-1.782784,4.462679,-1.362703,0.094152,0.964027,-0.248571,-1.035344,0.697747,1.564474,15.800327,32.982117,16.940323,,,,,,,
1530639442.786171,0.377851,-1.371258,-0.961993,-3.216686,6.231244,-2.903818,0.073126,0.980158,-0.184233,-0.939231,0.867773,0.843459,12.890236,33.159065,20.058937,,,,,,,
1530639442.806140,0.249192,-1.448923,-1.211420,-2.799239,4.772434,-3.005899,0.029982,0.992583,-0.117816,-0.557799,1.143221,0.987963,9.451130,32.950348,22.931404,,,,,,,
1530639442.826109,-0.405259,-1.509287,-1.878322,-3.283026,-1.867588,-2.669298,-0.024236,0.998109,-0.056492,0.101537,0.829940,0.168141,7.917801,32.744766,25.029884,,,,,,,
1530639442.846078,-1.802697,-1.493898,3.086170,-3.618398,-4.937401,-2.360204,-0.074766,0.997045,0.017656,-0.018236,0.495158,-0.669069,8.479473,32.026405,26.344151,,,,,,,
1530639442.866047,-2.316212,-1.420583,2.684090,-3.688641,-6.025370,-1.949471,-0.109963,0.988739,0.101503,0.054650,0.587982,-0.555193,10.352974,30.954765,27.249973,,,,,,,
1530639442.886015,-2.555867,-1.346221,2.567363,-3.371722,-6.232891,-1.328308,-0.123105,0.974889,0.185572,0.093717,0.865123,-0.580530,12.713272,30.221725,27.381962,,,,,,,
1530639442.905984,-2.732277,-1.285887,2.506315,-2.801304,-5.617742,-0.436252,-0.111861,0.959687,0.257852,0.257949,1.096008,-0.551813,15.249527,29.601204,27.089539,,,,,,,
1530639442.925953,-2.877746,-1.242840,2.450479,-1.905663,-3.711881,0.406790,-0.084005,0.946703,0.310962,0.298040,0.931105,-0.525409,17.406982,28.994324,26.732498,,,,,,,
1530639442.945922,-2.959464,-1.230888,2.394806,-0.030283,-0.042165,0.913552,-0.060387,0.942785,0.327886,0.290367,0.455256,-0.751135,18.512978,28.944939,26.165367,,,,,,,
1530639442.965891,-2.961069,-1.248223,2.350283,0.948968,3.024337,0.733471,-0.056917,0.948423,0.311856,0.231478,-0.060666,-0.619397,17.950577,29.401260,26.296509,,,,,,,
1530639442.985859,-2.909873,-1.264443,2.329848,0.296493,3.394713,0.363655,-0.069259,0.953440,0.293523,0.265167,-0.502191,-0.439641,16.718067,29.889030,26.752876,,,,,,,
1530639443.005828,-2.923586,-1.238758,2.279130,-2.057984,1.113315,0.577286,-0.070502,0.945380,0.318254,0.544547,-0.892203,0.093230,16.108612,29.566071,28.026363,,,,,,,
1530639443.025797,-2.963323,-1.201945,2.217478,-1.762481,0.982959,0.736368,-0.063934,0.932742,0.354830,0.429733,-0.882358,-0.625826,15.817272,28.753387,28.844173,,,,,,,
1530639443.045766,-2.991279,-1.183635,2.170958,-0.641890,0.482960,0.672389,-0.056539,0.925985,0.373304,0.333898,-0.896825,-1.042814,15.710739,28.466324,29.585342,,,,,,,
1530639443.065735,-3.039824,-1.183124,2.137034,0.190482,-1.631010,0.628510,-0.038406,0.925792,0.376079,0.352966,-0.975657,-1.330287,16.527672,28.438049,29.270443,,,,,,,
1530639443.085703,-3.111324,-1.196387,2.109480,0.846941,-2.370091,0.518726,-0.011068,0.930724,0.365556,0.279806,-0.957701,-1.092042,17.759266,28.861519,27.853870,,,,,,,
1530639443.105672,3.111530,-1.213350,2.090657,0.765248,-1.862516,0.236236,0.010517,0.936793,0.349725,0.149212,-0.950282,-0.638925,19.179634,29.262573,26.184906,,,,,,,
1530639443.125641,3.080084,-1.229466,2.086628,0.918619,-1.121911,-0.072448,0.020577,0.942310,0.334108,0.038277,-0.906147,-0.635042,20.025539,30.098625,25.258537,,,,,,,
1530639443.145610,3.058467,-1.253881,2.102915,1.386017,-2.571767,-0.513673,0.025875,0.950201,0.310561,-0.083920,-0.752661,-0.867308,20.750023,31.014816,23.416344,,,,,,,
1530639443.165579,3.018664,-1.291908,2.149383,2.044431,-4.993378,-1.079184,0.033755,0.961362,0.273209,-0.096912,-0.488828,-0.976472,21.695126,32.319481,20.467171,,,,,,,
1530639443.185547,3.015032,-1.319715,2.257826,-0.452728,-5.184214,-1.938941,0.031360,0.968644,0.246464,-0.111896,0.008345,0.113506,22.471992,33.740829,16.927498,,,,,,,
1530639443.205516,-3.072910,-1.166580,2.449716,-7.612048,5.358303,-2.573191,-0.026992,0.919411,0.392371,-0.460786,2.649208,7.311624,20.847515,33.462929,20.260300,,,,,,,
1530639443.225485,-2.940266,-1.124152,2.472466,-0.139335,2.713976,0.329426,-0.086375,0.901902,0.423217,1.097346,2.080505,0.774049,18.089314,33.404144,23.951519,,,,,,,
1530639443.245454,-3.039846,-1.147553,2.404578,1.299767,-3.807593,2.122591,-0.041717,0.911762,0.408595,1.066131,0.736966,-0.178278,18.879509,33.448189,23.352936,,,,,,,
1530639443.265422,3.074848,-1.174626,2.290997,1.619446,-2.096257,2.228818,0.025737,0.922545,0.385029,0.897054,0.813844,1.161800,20.919296,33.343475,21.418892,,,,,,,
1530639443.285391,3.008934,-1.208286,2.191544,1.580624,2.950000,1.076897,0.046906,0.935010,0.351506,0.131408,1.006671,-1.099401,21.231644,33.653908,20.392845,,,,,,,
1530639443.305360,3.049620,-1.195541,2.175234,-1.594273,2.550240,0.130603,0.033661,0.930414,0.364961,0.345016,0.312490,0.018691,20.281887,33.811836,21.719795,,,,,,,
1530639443.325329,3.126964,-1.168122,2.184179,-1.158914,3.975209,-0.182095,0.005732,0.920016,0.391838,0.118611,-0.487094,-1.040931,18.723946,33.369751,23.644257,,,,,,,
1530639443.345298,-3.059887,-1.154824,2.200233,-0.286576,3.891563,-0.419371,-0.032979,0.914724,0.402731,0.087255,-0.921773,-0.984045,16.462406,33.435165,25.530289,,,,,,,
1530639443.365266,-2.977850,-1.159815,2.219863,0.606666,2.761798,-0.235896,-0.065125,0.916729,0.394164,0.143478,-0.930813,-0.936111,14.437847,33.819206,26.355576,,,,,,,
1530639443.385235,-2.930620,-1.180156,2.223500,1.271224,1.897671,0.336331,-0.079739,0.924666,0.372336,0.284817,-0.482588,-0.849097,13.058899,34.471939,26.460022,,,,,,,
1530639443.405204,-2.916137,-1.216584,2.207867,1.944309,1.227982,0.886757,-0.077538,0.937920,0.338072,0.280099,0.087044,-0.895735,12.292969,35.278778,25.732880,,,,,,,
1530639443.425173,-2.942173,-1.263371,2.164293,2.206072,0.435448,1.341750,-0.059946,0.953116,0.296607,0.201776,0.578668,-0.882865,12.438999,36.002983,24.311310,,,,,,,
1530639443.445142,-3.022423,-1.310320,2.086978,2.061570,-0.696925,1.472650,-0.030618,0.966267,0.255712,0.014490,0.773830,-0.890844,13.113495,36.680969,22.930878,,,,,,,
1530639443.465110,3.132595,-1.351033,1.985351,1.961945,-1.814675,1.242906,0.001961,0.975949,0.217986,-0.140359,0.619250,-0.787124,14.339062,36.978821,20.974808,,,,,,,
1530639443.485079,2.962122,-1.391756,1.857782,2.274658,-2.386952,0.973651,0.031789,0.984015,0.175220,-0.205754,0.268060,-0.588260,15.444126,37.330360,19.039200,,,,,,,
1530639443.505048,2.726967,-1.435004,1.670453,2.614931,-2.478705,0.656815,0.054534,0.990794,0.123901,-0.233260,-0.047328,-0.364624,16.632366,37.990921,16.426147,,,,,,,
1530639443.525017,2.339133,-1.476324,1.331814,2.883213,-2.508287,0.292497,0.067828,0.995541,0.065552,-0.255648,-0.275280,-0.218949,17.588360,38.783546,12.264023,,,,,,,
1530639443.544985,1.597389,-1.499598,0.637915,3.100833,-2.380247,-0.034916,0.071108,0.997467,0.001891,-0.250581,-0.374633,-0.089462,17.664539,39.364555,8.722816,,,,,,,
1530639443.564954,0.796846,-1.478051,-0.123587,3.253620,-1.694239,-0.270515,0.066232,0.995702,-0.064733,-0.235772,-0.277914,0.083593,17.610626,39.853745,5.751701,,,,,,,
1530639443.584923,0.444104,-1.416410,-0.551457,4.131522,6.918750,-0.504731,0.066069,0.988106,-0.138856,-0.277891,-0.052025,1.762422,16.979584,40.296631,4.560608,,,,,,,
1530639443.604892,0.419632,-1.353924,-0.741376,3.168154,8.347616,-0.197446,0.087668,0.976575,-0.196508,-0.095755,-0.096708,0.478338,16.456539,40.558414,4.657303,,,,,,,
1530639443.624861,0.472991,-1.311540,-0.843037,1.994064,7.098501,-0.216834,0.116786,0.966581,-0.228215,-0.223307,-0.029707,0.156453,15.864937,41.060558,5.660027,,,,,,,
1530639443.644829,0.529102,-1.290709,-0.909846,1.020995,5.493311,-0.316657,0.139535,0.961031,-0.238640,-0.231530,-0.042238,0.116493,15.146553,41.318256,6.847282,,,,,,,
1530639443.664798,0.628769,-1.290119,-0.919710,-0.629593,5.884251,0.058738,0.162921,0.960868,-0.224030,-0.070911,0.002740,1.066498,14.379929,41.445305,8.334488,,,,,,,
1530639443.684767,0.686302,-1.269184,-0.930701,1.258460,1.906997,0.744194,0.188241,0.954859,-0.229804,-0.193521,0.418829,0.496085,14.490665,41.609650,8.284424,,,,,,,
1530639443.704736,0.696602,-1.250646,-0.924405,0.244427,-0.613754,0.546562,0.201922,0.949188,-0.241390,-0.468341,0.239426,0.061779,14.726254,41.611786,8.211632,,,,,,,
1530639443.724705,0.693210,-1.250958,-0.891639,-0.634217,-2.202589,0.312073,0.200913,0.949286,-0.241846,-0.444169,0.179757,0.060648,14.739162,41.723019,7.991631,,,,,,,
1530639443.744673,0.691302,-1.262223,-0.836687,-1.121466,-2.860153,0.281739,0.193621,0.952768,-0.233975,-0.448946,0.144324,0.124036,14.965614,41.828850,7.950226,,,,,,,
1530639443.764642,0.698188,-1.265509,-0.790558,0.095357,-0.586238,0.565540,0.193214,0.953761,-0.230237,-0.553779,0.194692,0.388272,15.039818,41.704220,7.846954,,,,,,,
1530639443.784611,0.715916,-1.257955,-0.774747,-0.126206,0.192442,0.196330,0.201987,0.951463,-0.232205,-0.753760,0.384856,0.293515,15.130150,41.769321,8.049408,,,,,,,
1530639443.804580,0.742516,-1.278125,-0.756524,-1.435327,0.911595,-0.931634,0.195075,0.957477,-0.212566,-1.053153,0.626355,0.520809,14.175522,42.144329,9.445648,,,,,,,
1530639443.824549,0.791205,-1.326020,-0.743491,-1.909817,2.246903,-1.804519,0.172352,0.970192,-0.170362,-1.134632,0.650978,0.581479,12.124264,42.696117,11.900764,,,,,,,
1530639443.844517,0.838448,-1.383077,-0.747419,-2.062256,2.527320,-2.279329,0.138770,0.982432,-0.124776,-0.900123,0.670857,0.788808,9.710300,42.888844,14.401268,,,,,,,
1530639443.864486,0.966955,-1.458187,-0.641091,-3.403959,0.147375,-2.549364,0.092500,0.993666,-0.063805,-0.183091,0.529436,0.732934,6.932526,42.578835,17.393036,,,,,,,
1530639443.884455,1.668491,-1.533039,0.094599,-3.432512,-2.691015,-2.835612,0.037565,0.999287,0.003682,-0.051618,0.455638,-0.287159,4.922916,41.795685,20.054749,,,,,,,
1530639443.904424,-2.911425,-1.495700,1.885197,-3.609640,-5.090313,-2.916475,-0.017117,0.997182,0.073048,-0.056690,0.557445,-0.644338,3.884712,40.655575,22.882584,,,,,,,
1530639443.924392,-2.768662,-1.407637,2.149358,-3.712907,-6.403270,-2.694137,-0.059183,0.986719,0.151271,-0.023855,0.754843,-0.599650,3.729073,39.223213,25.336689,,,,,,,
1530639443.944361,-2.805171,-1.325104,2.246062,-3.365412,-6.485896,-2.096427,-0.080293,0.969969,0.229594,0.088517,1.006212,-0.592127,4.683922,37.643692,27.515144,,,,,,,
1530639443.964330,-2.887967,-1.257399,2.284354,-2.902817,-5.590998,-1.105885,-0.077355,0.951292,0.298430,0.276528,1.146136,-0.462721,6.406849,36.066559,29.345917,,,,,,,
1530639443.984299,-2.971821,-1.212381,2.283458,-1.634251,-2.978757,-0.102712,-0.059269,0.936454,0.345748,0.381198,0.916177,-0.487639,7.605297,35.137917,30.493580,,,,,,,
1530639444.004268,-3.001813,-1.204547,2.262088,0.270078,0.850694,0.450889,-0.049895,0.933677,0.354623,0.285628,0.333397,-0.694848,7.558914,34.978943,30.947472,,,,,,,
1530639444.024236,-2.975973,-1.225837,2.245903,1.262851,2.528347,0.447315,-0.055750,0.941089,0.333532,0.171274,-0.185626,-0.680730,6.723770,35.112267,31.218037,,,,,,,
1530639444.044205,-2.971371,-1.230698,2.210854,-0.839668,1.165932,0.732799,-0.056509,0.942722,0.328759,0.499227,-0.733753,0.286048,5.917412,35.126022,31.757889,,,,,,,
1530639444.064174,-3.010654,-1.202596,2.157486,-1.663788,0.322560,0.609174,-0.046995,0.932977,0.356856,0.343977,-0.781411,-0.376692,5.807877,34.361000,33.063805,,,,,,,
1530639444.084143,-3.029488,-1.178748,2.132056,-0.884945,0.186481,0.136452,-0.042744,0.924128,0.379684,0.196659,-0.721492,-0.852630,5.691692,33.407585,34.211739,,,,,,,
1530639444.104112,-3.027279,-1.174839,2.138828,0.239971,-0.563578,-0.323521,-0.043994,0.922628,0.383174,0.175723,-0.705755,-1.091350,5.634544,33.136459,34.593483,,,,,,,
1530639444.124080,-3.026503,-1.187640,2.169605,0.876688,-1.972902,-0.567909,-0.042931,0.927489,0.371377,0.183968,-0.656631,-1.082421,6.181381,33.384804,34.237602,,,,,,,
1530639444.144049,-3.053533,-1.205661,2.202023,0.988123,-3.285273,-0.440610,-0.031403,0.934075,0.355692,0.227235,-0.649835,-0.992289,7.706097,33.601700,33.750698,,,,,,,
1530639444.164018,-3.100556,-1.224117,2.226504,0.919225,-3.507799,-0.344960,-0.013939,0.940506,0.339490,0.155800,-0.628083,-0.790555,9.654419,33.985077,33.012730,,,,,,,
1530639444.183987,-3.140833,-1.244756,2.246819,1.155840,-2.595107,-0.320430,-0.000243,0.947318,0.320295,0.097518,-0.629416,-0.735181,11.359398,34.143570,31.863426,,,,,,,
1530639444.203955,3.119597,-1.271720,2.267245,1.419306,-1.985511,-0.366679,0.006480,0.955609,0.294567,0.094899,-0.679699,-0.705395,12.728703,34.772606,31.064548,,,,,,,
1530639444.223924,3.108808,-1.301265,2.301897,1.442563,-2.296043,-0.639133,0.008728,0.963896,0.266137,-0.014878,-0.393812,-0.689705,13.875179,35.411415,29.705688,,,,,,,
1530639444.243893,3.140323,-1.317953,2.369425,0.027624,-1.084376,-1.147755,0.000318,0.968205,0.250158,-0.047025,-0.006840,0.069361,14.491913,35.497482,29.400799,,,,,,,
1530639444.263862,-2.958162,-1.210704,2.476590,-7.369236,7.815985,-2.318024,-0.064272,0.935864,0.346448,-0.258421,1.641192,5.595904,11.468670,33.089584,33.549984,,,,,,,
1530639444.283831,-2.855586,-1.146099,2.481711,-1.865845,0.858650,0.040141,-0.116247,0.911164,0.395306,1.234137,2.133759,1.480732,8.753571,30.875145,36.543083,,,,,,,
1530639444.303799,-2.972484,-1.141410,2.451698,0.444449,-6.745367,0.603299,-0.070067,0.909221,0.410373,0.606475,0.709141,-0.436405,11.654678,30.081238,36.597221,,,,,,,
1530639444.323768,-3.096940,-1.164160,2.451503,1.457649,-4.778196,-0.241429,-0.017655,0.918456,0.395126,0.001862,-0.417480,1.184097,15.601349,30.266113,35.195400,,,,,,,
1530639444.343737,-3.077234,-1.209726,2.506099,2.981812,0.429368,-1.327267,-0.022721,0.935519,0.352543,-0.514496,-0.680911,-0.187001,16.596359,31.268906,33.784504,,,,,,,
1530639444.363706,-2.928575,-1.278792,2.624118,3.777516,2.193487,-1.213999,-0.060859,0.957669,0.281366,-0.365502,-0.139065,-1.289575,15.335705,33.403160,32.375050,,,,,,,
1530639444.383675,-2.792447,-1.327497,2.708065,1.572924,3.332430,0.210609,-0.082413,0.970549,0.226371,-0.180359,0.501269,-0.796165,14.075623,34.652130,31.924793,,,,,,,
1530639444.403643,-2.788343,-1.329176,2.614636,-1.178882,5.378857,1.332663,-0.082777,0.970952,0.224502,0.351469,0.424282,-0.252456,12.470688,34.188316,33.481297,,,,,,,
1530639444.423612,-2.807726,-1.304566,2.481493,-1.844621,5.347655,0.927616,-0.086216,0.964770,0.248569,0.304326,0.058317,-0.485950,10.266369,32.939949,35.780182,,,,,,,
1530639444.443581,-2.778285,-1.277184,2.411944,-1.374720,4.477373,0.164518,-0.102847,0.957205,0.270520,0.165927,-0.228140,-0.610303,7.629822,31.793983,37.994015,,,,,,,
1530639444.463550,-2.715664,-1.262482,2.397957,-0.342296,3.356396,-0.131232,-0.125376,0.952846,0.276341,0.251597,-0.307491,-0.688297,5.248985,30.980064,39.258316,,,,,,,
1530639444.483518,-2.665216,-1.273430,2.400657,0.998497,1.821729,0.475842,-0.134360,0.956112,0.260380,0.476584,0.081578,-0.703984,3.714001,31.003555,39.441322,,,,,,,
1530639444.503487,-2.646463,-1.310693,2.403309,2.082950,0.088899,1.016755,-0.122198,0.966363,0.226294,0.455785,0.450766,-0.531958,3.888454,31.809090,39.109905,,,,,,,
1530639444.523456,-2.640491,-1.363836,2.423801,2.539053,-1.006580,1.051905,-0.098713,0.978660,0.180221,0.282399,0.450966,-0.366546,5.115337,33.161964,37.877857,,,,,,,
1530639444.543424,-2.626938,-1.418232,2.464240,2.560638,-1.489667,0.988952,-0.074807,0.988385,0.132287,0.189171,0.265873,-0.249612,6.759926,34.422218,36.229095,,,,,,,
1530639444.563393,-2.580452,-1.471902,2.546241,2.568866,-1.896329,0.889831,-0.052542,0.995114,0.083594,0.110052,0.081439,-0.203955,8.689571,35.727531,34.612186,,,,,,,
1530639444.583361,-2.351856,-1.521570,2.816772,2.537168,-2.142061,0.667888,-0.034945,0.998789,0.034643,0.032900,-0.116236,-0.134908,10.578480,36.988998,32.691956,,,,,,,
1530639444.603330,-1.026528,-1.542079,-2.098186,2.545645,-2.085005,0.398444,-0.024565,0.999588,-0.014868,-0.021990,-0.271118,-0.069239,12.519733,37.883812,30.483604,,,,,,,
1530639444.623299,-0.305192,-1.503314,-1.336507,2.495360,-1.920648,0.259565,-0.020260,0.997724,-0.064311,-0.037174,-0.342008,0.003672,14.037872,39.005730,28.375980,,,,,,,
1530639444.643268,-0.156478,-1.457245,-1.152907,2.370110,-1.552226,0.306900,-0.017657,0.993560,-0.111920,-0.046689,-0.293197,0.088040,15.381561,39.756096,26.211639,,,,,,,
1530639444.663237,-0.081777,-1.415485,-1.063570,1.875648,0.369725,0.325755,-0.012636,0.987963,-0.154170,-0.122939,-0.143267,0.366847,16.607971,40.415627,24.326103,,,,,,,
1530639444.683205,0.016929,-1.387880,-1.028052,1.171154,4.437658,0.199736,0.003079,0.983317,-0.181871,-0.356824,-0.115794,0.988634,15.941418,40.844620,24.154140,,,,,,,
1530639444.703174,0.125660,-1.368254,-1.014947,0.876265,4.778742,0.217465,0.025211,0.979558,-0.199574,-0.147389,-0.079824,0.174046,14.599693,41.213814,25.053692,,,,,,,
1530639444.723143,0.229940,-1.352402,-1.000738,0.692970,4.324311,0.330475,0.049381,0.976247,-0.210960,-0.150608,-0.082387,0.114539,13.108536,41.428986,25.703575,,,,,,,
1530639444.743112,0.324550,-1.335284,-0.985071,0.990814,3.794477,0.469264,0.074409,0.972395,-0.221160,-0.192039,-0.018827,0.091369,11.978107,41.560608,26.465210,,,,,,,
1530639444.763080,0.390961,-1.292204,-0.990039,2.528332,3.338773,0.844329,0.104797,0.961444,-0.254251,-0.282074,0.122312,0.054910,11.379063,42.077087,26.372955,,,,,,,
1530639444.783049,0.432998,-1.241617,-1.003893,2.064829,2.517261,0.735299,0.135641,0.946308,-0.293433,-0.408941,0.181347,0.242637,11.227467,42.734406,25.185856,,,,,,,
1530639444.803018,0.490611,-1.230561,-0.996722,-0.406981,2.301603,0.111349,0.157232,0.942676,-0.294346,-0.691671,0.198117,1.409611,11.062927,42.590630,25.259590,,,,,,,
1530639444.822987,0.534337,-1.241848,-0.976495,-0.589463,0.541490,0.028235,0.164518,0.946383,-0.278016,-0.496550,0.151197,0.200410,10.907467,42.427246,26.329388,,,,,,,
1530639444.842956,0.546866,-1.250911,-0.953850,-0.620035,-0.955804,0.084971,0.163522,0.949271,-0.268597,-0.461816,0.170876,0.060802,11.657940,41.787357,27.040974,,,,,,,
1530639444.862924,0.537632,-1.260052,-0.930577,-0.440186,-1.830973,0.042167,0.156585,0.952106,-0.262631,-0.467437,0.183926,0.101788,13.158611,41.091122,27.534859,,,,,,,
1530639444.882893,0.499416,-1.263724,-0.929861,-0.150989,-1.913397,-0.184570,0.144761,0.953223,-0.265351,-0.507279,0.228616,0.204072,14.711273,40.458096,27.502655,,,,,,,
1530639444.902862,0.499193,-1.294669,-0.931173,-2.329579,1.408523,-1.232467,0.130514,0.962118,-0.239362,-0.907979,0.590891,1.777524,15.419701,39.814648,27.995480,,,,,,,
1530639444.922831,0.527018,-1.367545,-0.945446,-3.130079,2.100136,-2.233324,0.101524,0.979416,-0.174465,-0.854103,0.807389,0.756451,14.128353,38.581871,30.624336,,,,,,,
1530639444.942800,0.436794,-1.432668,-1.056815,-2.267165,0.170439,-2.426558,0.058248,0.990475,-0.124762,-0.666844,1.052158,0.057211,12.655441,36.708977,33.313614,,,,,,,
1530639444.962768,0.070599,-1.505374,-1.397973,-3.507527,-2.239673,-2.649284,0.004612,0.997861,-0.065213,-0.201618,0.852679,0.372906,12.982883,35.208214,34.744225,,,,,,,
1530639444.982737,-1.818118,-1.519101,3.066578,-3.905711,-4.135031,-2.640160,-0.050100,0.998664,0.012650,-0.067133,0.483285,-0.512192,14.743896,33.397362,35.503796,,,,,,,
1530639445.002706,-2.368296,-1.434826,2.606167,-3.865827,-4.744055,-2.371731,-0.094683,0.990770,0.097003,0.037860,0.496351,-0.510791,17.115433,31.635155,35.680782,,,,,,,
1530639445.022675,-2.547571,-1.352561,2.530815,-3.371335,-5.631678,-1.905662,-0.121179,0.976281,0.179419,0.123620,0.797340,-0.676138,20.105209,30.409668,35.022556,,,,,,,
1530639445.042643,-2.681431,-1.289064,2.528361,-2.370995,-6.987065,-1.346932,-0.123467,0.960575,0.249101,0.151009,1.158306,-0.926164,23.785904,29.497833,32.788486,,,,,,,
1530639445.062612,-2.811558,-1.254795,2.527686,-1.087991,-5.684290,-0.152860,-0.100712,0.950486,0.293996,0.375020,1.089004,-0.746435,26.497593,29.241852,29.705669,,,,,,,
1530639445.082581,-2.915440,-1.254742,2.483988,0.290394,-1.401392,1.102023,-0.069695,0.950469,0.302904,0.431008,0.580201,-0.537951,27.939053,28.926239,28.014256,,,,,,,
1530639445.102550,-2.984340,-1.271366,2.392872,0.490562,2.089586,1.674320,-0.046195,0.955505,0.291336,0.341269,-0.066482,-0.312698,27.743126,28.535667,27.755028,,,,,,,
1530639445.122519,-3.055258,-1.249219,2.263033,-2.195087,2.669208,1.792039,-0.027253,0.948738,0.314885,0.407517,-0.629723,0.559077,26.850845,27.216087,29.753384,,,,,,,
1530639445.142487,-3.093989,-1.199542,2.174192,-2.548494,2.040900,1.036736,-0.017264,0.931873,0.362374,0.097662,-0.603946,-0.505853,25.933075,25.893806,31.866516,,,,,,,
1530639445.162456,-3.087840,-1.160646,2.138676,-1.563727,2.068277,0.383566,-0.021424,0.917061,0.398171,0.111496,-0.686089,-0.841973,24.739491,24.786545,33.739017,,,,,,,
1530639445.182425,-3.054601,-1.146597,2.128424,-0.193819,2.084263,0.082148,-0.035760,0.911369,0.410034,0.201180,-0.794410,-0.965347,23.464500,24.711342,34.642120,,,,,,,
1530639445.202394,-3.024641,-1.157363,2.132937,0.925576,0.690703,-0.070250,-0.046879,0.915747,0.399012,0.229267,-0.831808,-1.062952,22.945213,25.315804,34.757629,,,,,,,
1530639445.222362,-3.031605,-1.179195,2.144803,1.083341,-1.832941,-0.064687,-0.041894,0.924299,0.379363,0.256402,-0.828916,-0.898742,23.713200,26.493881,33.855694,,,,,,,
1530639445.242331,-3.090827,-1.199641,2.146617,1.028237,-3.472794,0.174974,-0.018404,0.931909,0.362225,0.311953,-0.802072,-0.912823,25.567188,27.505768,31.613396,,,,,,,
1530639445.262300,3.114361,-1.226414,2.132434,1.576802,-2.941586,0.276300,0.009193,0.941284,0.337490,0.236580,-0.764893,-0.822719,27.852169,28.492615,29.419819,,,,,,,
1530639445.282269,3.045174,-1.265855,2.122012,2.183176,-3.157519,-0.134571,0.028904,0.953865,0.298843,0.011288,-0.674644,-0.908248,29.721863,29.931114,26.437111,,,,,,,
1530639445.302238,2.977779,-1.315597,2.136754,2.552097,-4.552268,-0.717928,0.041168,0.967613,0.249059,-0.117432,-0.429970,-0.903661,31.602871,31.644684,22.446243,,,,,,,
1530639445.322206,2.954393,-1.358744,2.201001,0.888817,-3.413655,-1.505751,0.039170,0.977601,0.206790,-0.161667,-0.108079,-0.165469,32.598133,33.414337,19.477013,,,,,,,
1530639445.342175,-3.028975,-1.246249,2.434268,-9.595454,7.646151,-3.354207,-0.035836,0.947795,0.316860,-0.631370,1.506871,5.339756,29.479710,33.607666,26.007343,,,,,,,
1530639445.362144,-2.894827,-1.137031,2.477181,-2.366096,1.303984,-0.480854,-0.102664,0.907390,0.407559,0.637088,2.434636,1.860676,27.154873,32.865326,30.923042,,,,,,,
1530639445.382113,-2.886989,-1.143721,2.486376,1.475307,-0.371645,-0.200950,-0.104324,0.910181,0.400858,-0.084931,1.007422,0.416510,26.880291,33.116371,31.158245,,,,,,,
1530639445.402081,-2.853946,-1.175784,2.522843,1.521588,0.231301,-0.233047,-0.109172,0.922992,0.369009,0.049845,-0.050891,0.416468,26.592613,34.300537,30.863415,,,,,,,
1530639445.422050,-2.845176,-1.205268,2.540162,1.696191,-0.840433,0.372525,-0.104407,0.933935,0.341854,0.267630,0.069803,-0.921398,26.632984,35.648209,30.174667,,,,,,,
1530639445.442019,-2.868755,-1.243077,2.529300,1.570828,-0.449381,0.819019,-0.086737,0.946779,0.309978,0.158300,0.367384,-1.311519,27.176567,36.519875,29.209251,,,,,,,
1530639445.461988,-2.897515,-1.261484,2.496319,0.294553,0.618447,0.670609,-0.073563,0.952543,0.295382,0.093262,0.110094,-0.523669,27.422001,36.595695,29.516468,,,,,,,
1530639445.481957,-2.910243,-1.264123,2.450240,-0.140543,2.058644,0.751215,-0.069220,0.953343,0.293845,0.259085,-0.461888,-0.348716,27.343170,36.130791,30.861938,,,,,,,
1530639445.501925,-2.903911,-1.263931,2.402390,-0.157463,2.889706,0.619513,-0.071123,0.953285,0.293579,0.222032,-0.554161,-0.353729,26.428913,36.088676,32.564709,,,,,,,
1530639445.521894,-2.865832,-1.266684,2.374253,0.162908,3.450724,0.411722,-0.081533,0.954113,0.288133,0.244192,-0.271649,-0.487108,24.830063,36.099373,34.788803,,,,,,,
1530639445.541863,-2.825035,-1.276704,2.347101,0.475678,3.175249,0.643258,-0.090236,0.957066,0.275469,0.412761,0.209057,-0.638765,23.179985,36.458199,36.518566,,,,,,,
1530639445.561832,-2.814119,-1.295999,2.306810,0.909542,2.008255,0.964112,-0.087280,0.962480,0.256930,0.401901,0.615996,-0.781680,22.201466,36.585876,37.376026,,,,,,,
1530639445.581800,-2.838720,-1.325490,2.256609,1.357556,0.728863,1.095527,-0.072434,0.970063,0.231798,0.294281,0.639770,-0.705767,22.106995,37.024025,37.413902,,,,,,,
1530639445.601769,-2.886408,-1.361377,2.205923,1.683508,-0.233288,1.012994,-0.052476,0.978152,0.201158,0.152528,0.343519,-0.529924,22.826321,37.586830,36.467411,,,,,,,
1530639445.621738,-2.954051,-1.401360,2.149706,1.910804,-0.831119,0.931105,-0.031439,0.985680,0.165669,0.061652,0.066398,-0.368199,23.982864,38.036736,35.344067,,,,,,,
1530639445.641707,-3.057663,-1.443441,2.067481,2.056223,-1.276632,0.856230,-0.010647,0.991901,0.126561,-0.005802,-0.208073,-0.255620,25.078224,39.093895,33.788830,,,,,,,
1530639445.661676,3.043968,-1.486487,1.915235,2.219746,-1.638000,0.744892,0.008207,0.996448,0.083804,-0.079054,-0.391101,-0.188235,26.733257,39.760044,31.515285,,,,,,,
1530639445.681644,2.563237,-1.527228,1.470215,2.421041,-1.927596,0.629182,0.023806,0.999051,0.036466,-0.139406,-0.452390,-0.127592,28.257210,40.682674,29.120617,,,,,,,
1530639445.701613,1.104719,-1.529595,0.049121,2.949222,-1.796674,0.668402,0.036786,0.999151,-0.018505,-0.186597,-0.330435,-0.036457,30.027126,41.575237,26.080193,,,,,,,
1530639445.721582,0.517397,-1.464649,-0.521904,3.986336,0.142215,0.879160,0.052402,0.994372,-0.092076,-0.262851,-0.078493,0.193334,31.079960,43.028923,22.920685,,,,,,,
1530639445.741551,0.452027,-1.405331,-0.652672,2.249310,4.731322,0.305058,0.071943,0.986342,-0.148166,-0.581449,0.032381,1.529361,30.692181,43.939308,22.453789,,,,,,,
1530639445.761520,0.504716,-1.384840,-0.713127,0.662009,5.605968,-0.148346,0.089402,0.982760,-0.161831,-0.318544,-0.064318,0.630841,28.777218,44.866001,24.566254,,,,,,,
1530639445.781488,0.562637,-1.381535,-0.749366,0.228592,4.063190,-0.199700,0.100353,0.982143,-0.159131,-0.156703,-0.028332,-0.043765,26.730389,45.732639,27.046246,,,,,,,
1530639445.801457,0.542382,-1.362884,-0.817369,1.859922,1.062682,0.051008,0.106547,0.978464,-0.176792,-0.049785,0.047537,-0.326565,25.837688,46.908508,27.697803,,,,,,,
1530639445.821426,0.481985,-1.324903,-0.875249,1.838273,-0.740247,0.564547,0.112835,0.969920,-0.215690,-0.061245,0.011434,0.055931,26.363724,47.923485,26.120815,,,,,,,
1530639445.841395,0.455689,-1.291891,-0.874487,1.242996,-1.674493,0.800428,0.121155,0.961357,-0.247210,-0.132477,-0.009346,0.219500,27.770222,48.480583,24.364670,,,,,,,
1530639445.861363,0.448289,-1.278703,-0.846677,-0.092892,-1.491111,0.525437,0.124807,0.957643,-0.259503,-0.309545,0.112745,1.017758,29.375957,48.947369,23.369507,,,,,,,
1530639445.881332,0.463450,-1.284404,-0.807529,-0.632495,-1.009369,0.328593,0.126284,0.959269,-0.252693,-0.362384,0.231221,0.390495,30.643269,49.135147,23.206772,,,,,,,
1530639445.901301,0.487304,-1.293085,-0.763969,-0.639071,-0.815286,0.358721,0.128372,0.961685,-0.242242,-0.346511,0.235596,0.175806,31.612270,49.192421,23.650635,,,,,,,
1530639445.921270,0.515706,-1.297536,-0.722341,-0.353231,-0.433737,0.403892,0.133087,0.962896,-0.234773,-0.412460,0.253184,0.162233,32.504002,49.266029,23.955143,,,,,,,
1530639445.941238,0.536865,-1.299720,-0.693640,-0.273614,-0.306184,0.153441,0.136948,0.963483,-0.230096,-0.538895,0.394869,0.136926,33.256191,49.419434,24.324909,,,,,,,
1530639445.961207,0.532497,-1.302927,-0.696346,0.005548,0.271821,-0.273846,0.134372,0.964337,-0.228030,-0.710239,0.664417,0.152056,33.386257,50.085964,24.930321,,,,,,,
1530639445.981176,0.571329,-1.329774,-0.728792,-1.859863,5.317296,-1.705040,0.129074,0.971094,-0.200786,-1.324478,0.921789,1.799068,31.425098,50.804558,27.612099,,,,,,,
1530639446.001145,0.675906,-1.407144,-0.747497,-3.290286,5.909131,-2.614460,0.101924,0.986639,-0.127101,-0.956431,0.876810,1.268229,25.983639,51.058849,33.470345,,,,,,,
1530639446.021115,0.699986,-1.486195,-0.776730,-2.909942,0.508121,-2.698487,0.054433,0.996423,-0.064627,-0.137425,0.531012,0.170645,21.621544,50.509121,37.927135,,,,,,,
1530639446.041082,0.671855,-1.566273,-0.763977,-3.217569,-3.238109,-2.431779,0.002704,0.999990,-0.003400,0.048947,0.250209,-0.428607,20.199024,49.700890,40.139633,,,,,,,
1530639446.061051,-2.593523,-1.493328,2.342596,-3.473684,-5.047647,-2.228538,-0.040318,0.997001,0.066046,-0.021633,0.354257,-0.560369,20.784195,48.215897,41.165947,,,,,,,
1530639446.081020,-2.685598,-1.411158,2.366501,-3.542201,-6.187148,-2.028387,-0.069997,0.987285,0.142713,0.000661,0.667302,-0.572630,22.697449,45.916077,41.246662,,,,,,,
1530639446.100990,-2.786311,-1.335467,2.394639,-3.188705,-6.377336,-1.520775,-0.081105,0.972438,0.218598,0.092199,0.917577,-0.579957,25.085823,43.659740,40.181896,,,,,,,
1530639446.120957,-2.897221,-1.276137,2.403223,-2.577102,-5.697919,-0.665517,-0.070264,0.956901,0.281782,0.265271,0.959679,-0.532973,27.416515,41.454941,38.258801,,,,,,,
1530639446.140926,-3.001934,-1.235813,2.390213,-1.550507,-3.652205,0.061404,-0.045764,0.944416,0.325550,0.273105,0.697918,-0.528294,29.245029,39.445557,36.505775,,,,,,,
1530639446.160896,-3.052593,-1.226095,2.368573,0.064163,-0.252776,0.395995,-0.030034,0.941176,0.336575,0.233037,0.242616,-0.670742,29.610485,38.132385,35.224709,,,,,,,
1530639446.180865,-3.040864,-1.239313,2.354471,0.843704,1.916650,0.166262,-0.032726,0.945561,0.323793,0.113872,-0.179920,-0.556184,28.227524,37.621681,34.884941,,,,,,,
1530639446.200834,-2.990267,-1.249773,2.360080,-0.102445,2.140449,-0.065236,-0.047567,0.948913,0.311929,0.192571,-0.504836,-0.338220,25.750057,37.656105,35.519707,,,,,,,
1530639446.220802,-2.973524,-1.224885,2.346700,-1.711644,1.115897,0.027873,-0.056716,0.940767,0.334275,0.412032,-0.753328,-0.126648,23.891602,36.702621,36.684067,,,,,,,
1530639446.240771,-2.970181,-1.190946,2.334230,-1.549650,0.554063,-0.148047,-0.063245,0.928720,0.365346,0.277265,-0.673395,-0.654591,22.556114,35.325531,37.927845,,,,,,,
1530639446.260740,-2.968280,-1.169830,2.337765,-0.687534,-0.497445,-0.264769,-0.067307,0.920684,0.384459,0.261826,-0.644622,-1.016386,21.544712,34.385429,38.354794,,,,,,,
1530639446.280709,-2.987581,-1.167063,2.347143,0.226168,-1.840958,-0.141863,-0.060265,0.919601,0.388201,0.337349,-0.643264,-1.171023,21.674839,33.908928,38.124474,,,,,,,
1530639446.300677,-3.029165,-1.179417,2.353035,0.773252,-2.544507,0.043043,-0.042796,0.924384,0.379052,0.345912,-0.626258,-1.041436,22.597740,34.071762,36.942364,,,,,,,
1530639446.320646,-3.083972,-1.192260,2.350328,0.517646,-2.494298,0.137685,-0.021282,0.929207,0.368945,0.278973,-0.656898,-0.681918,23.991470,34.141045,35.578819,,,,,,,
1530639446.340615,-3.125920,-1.202440,2.346607,0.586314,-1.505716,0.051122,-0.005643,0.932920,0.360034,0.171399,-0.711210,-0.677051,25.046692,34.158951,34.006687,,,,,,,
1530639446.360584,3.133419,-1.219657,2.345847,0.980863,-1.162256,0.011905,0.002812,0.938981,0.343952,0.197689,-0.789735,-0.775180,25.503551,34.574944,33.213055,,,,,,,
1530639446.380553,3.096132,-1.242005,2.348349,1.211915,-2.457367,-0.127307,0.014674,0.946433,0.322562,0.122365,-0.554008,-0.780081,26.144550,35.208359,31.862679,,,,,,,
1530639446.400521,3.051046,-1.265101,2.356405,0.871964,-2.586808,-0.230001,0.027213,0.953638,0.299719,0.158364,-0.139139,-0.317801,27.763020,35.665016,29.194744,,,,,,,
1530639446.420490,3.075985,-1.209682,2.408475,-6.164641,0.538088,-0.811812,0.023163,0.935504,0.352553,-0.229264,1.095060,3.658006,27.199226,33.919609,31.603241,,,,,,,
1530639446.440459,3.135267,-1.158072,2.421507,-1.190403,1.822830,0.260841,0.002537,0.916032,0.401095,0.711635,2.392730,2.413511,25.671406,32.514252,33.547520,,,,,,,
1530639446.460428,3.085270,-1.149749,2.384077,-0.111477,-1.960353,1.016260,0.023008,0.912661,0.408065,0.873660,0.877622,0.061844,26.347332,31.640572,32.785568,,,,,,,
1530639446.480396,2.998987,-1.154194,2.342250,0.581179,-2.091047,0.567125,0.057510,0.914469,0.400544,0.419174,-0.184534,0.628279,27.120651,31.438713,31.348495,,,,,,,
,,,,,,,,,,,,,,,,39.779446,-84.063879,293.372345,-1.000000,-1.000000,1530639446.453758,
1530639446.500365,2.975128,-1.186621,2.324368,2.497176,1.178801,-0.168779,0.062102,0.927108,0.369609,0.060487,-0.259414,-0.196040,25.794262,32.225533,30.051754,,,,,,,
1530639446.520334,3.040350,-1.253593,2.317675,3.373265,4.224915,-0.428747,0.031524,0.950111,0.310308,-0.063232,0.531700,-1.135701,23.016514,33.903183,29.781384,,,,,,,
1530639446.540303,-3.131417,-1.298115,2.352078,1.326012,3.832976,-0.643922,-0.002740,0.963052,0.269294,-0.120963,0.542227,-0.650092,20.051594,34.850716,30.164223,,,,,,,
1530639446.560272,-3.013966,-1.303668,2.391095,-0.045273,4.103566,-0.438178,-0.033596,0.964533,0.261809,0.094326,-0.168344,-0.416808,17.022854,34.956673,31.155483,,,,,,,
1530639446.580240,-2.907533,-1.298672,2.417867,-0.202066,3.897792,-0.366313,-0.062336,0.963202,0.261443,0.073887,-0.473120,-0.499007,14.186440,34.914566,32.706501,,,,,,,
1530639446.600209,-2.825597,-1.295233,2.432984,-0.032885,2.986466,-0.128763,-0.084553,0.962272,0.258611,0.104771,-0.487052,-0.564794,11.759747,34.786026,33.389774,,,,,,,
1530639446.620178,-2.794941,-1.298752,2.418942,0.178361,1.738013,0.488505,-0.091289,0.963224,0.252712,0.189983,-0.119306,-0.636867,10.553112,34.568977,33.775097,,,,,,,
1530639446.640147,-2.828582,-1.310692,2.362712,0.418824,0.667188,1.119264,-0.079191,0.966363,0.244680,0.200223,0.367011,-0.665563,10.445339,34.268486,33.736855,,,,,,,
1530639446.660115,-2.911709,-1.329388,2.273482,0.722196,-0.118345,1.358142,-0.054475,0.971002,0.232777,0.131104,0.555640,-0.585773,10.761837,34.426544,33.265549,,,,,,,
1530639446.680084,-3.008259,-1.352841,2.185083,1.127224,-0.721539,1.085595,-0.028745,0.976342,0.214308,-0.005099,0.362953,-0.499968,11.532204,34.632278,32.167549,,,,,,,
1530639446.700053,-3.102509,-1.381858,2.108267,1.520767,-1.064118,0.800408,-0.007338,0.982204,0.187667,-0.046693,0.147709,-0.390563,12.408749,35.015961,30.827000,,,,,,,
1530639446.720022,3.077060,-1.416294,2.027650,1.859091,-1.299062,0.597219,0.009924,0.988088,0.153564,-0.073614,-0.056371,-0.292175,13.266632,35.884682,29.153214,,,,,,,
1530639446.739991,2.923355,-1.457489,1.899959,2.376448,-1.359645,0.553662,0.024478,0.993588,0.110376,-0.094958,-0.281658,-0.214242,14.046555,36.738548,27.332108,,,,,,,
1530639446.759959,2.537444,-1.503667,1.537848,2.918320,-1.178993,0.584347,0.038099,0.997748,0.055197,-0.121931,-0.374762,-0.110876,14.712875,37.723892,24.963703,,,,,,,
1530639446.779928,1.402434,-1.520235,0.420457,3.267850,-0.796811,0.535007,0.049808,0.998722,-0.008466,-0.140323,-0.283314,-0.002154,15.441811,38.497818,22.521133,,,,,,,
1530639446.799897,0.652253,-1.474957,-0.328107,3.381540,0.566877,0.319274,0.058079,0.995411,-0.076042,-0.168751,-0.106709,0.191277,15.290096,39.616295,19.826523,,,,,,,
1530639446.819866,0.498814,-1.427942,-0.545259,2.128380,4.400524,0.096594,0.068104,0.989814,-0.125016,-0.236149,-0.093390,1.168763,13.984409,40.340580,18.953606,,,,,,,
1530639446.839834,0.520119,-1.404656,-0.631084,0.959464,5.435530,-0.099494,0.082187,0.986230,-0.143504,-0.172458,-0.092187,0.510645,12.208450,40.692062,19.521408,,,,,,,
1530639446.859803,0.566955,-1.395593,-0.683567,0.465965,4.570429,-0.129682,0.093613,0.984691,-0.147032,-0.144150,-0.059841,0.027297,10.215023,41.078342,20.141090,,,,,,,
1530639446.879772,0.617142,-1.385652,-0.712038,0.892944,3.417288,0.263570,0.106530,0.982910,-0.150127,-0.122369,-0.107757,-0.028081,8.633648,41.134071,20.540375,,,,,,,
1530639446.899741,0.597176,-1.342562,-0.771557,2.529656,1.053718,0.996158,0.127225,0.974067,-0.187096,-0.143643,-0.040565,-0.217949,8.361050,41.357380,18.854225,,,,,,,
1530639446.919709,0.571578,-1.291759,-0.798859,2.066484,-0.532231,1.122872,0.148995,0.961321,-0.231648,-0.256570,0.030576,0.113483,8.966728,41.787369,17.165771,,,,,,,
1530639446.939678,0.552799,-1.260534,-0.791826,0.473671,-1.542518,0.748870,0.160308,0.952254,-0.259833,-0.392974,0.153978,0.766959,9.626839,41.972710,15.732903,,,,,,,
1530639446.959647,0.567577,-1.265410,-0.748180,-0.909104,-1.246462,0.305599,0.161632,0.953731,-0.253518,-0.483745,0.292637,0.809518,9.901825,41.472301,15.981216,,,,,,,
1530639446.979616,0.592125,-1.278610,-0.696490,-0.927897,-1.238655,0.295049,0.160765,0.957617,-0.239007,-0.342650,0.232142,0.169594,9.995132,41.069809,16.159950,,,,,,,
1530639446.999585,0.616073,-1.287094,-0.647892,-0.641983,-1.096633,0.336903,0.161742,0.960026,-0.228450,-0.363570,0.200695,0.137294,10.083626,40.828259,16.267601,,,,,,,
1530639447.019553,0.632182,-1.292436,-0.610117,-0.460615,-0.978810,0.211506,0.162368,0.961507,-0.221675,-0.408432,0.164363,0.124644,10.075939,40.500023,16.618889,,,,,,,
1530639447.039522,0.632837,-1.298239,-0.590991,-0.372240,-0.880758,-0.083397,0.159211,0.963086,-0.217065,-0.466187,0.177906,0.131463,9.811012,40.183903,16.563019,,,,,,,
1530639447.059491,0.606888,-1.305437,-0.603727,-0.007265,-0.482902,-0.484426,0.149568,0.964998,-0.215423,-0.564149,0.385099,0.161774,9.097164,40.384037,16.236458,,,,,,,
1530639447.079460,0.604272,-1.319718,-0.649353,-1.113033,4.606803,-1.323848,0.141159,0.968645,-0.204452,-0.893188,0.545622,1.550765,7.317451,40.154331,16.822998,,,,,,,
1530639447.099428,0.727604,-1.388938,-0.648427,-3.347875,5.939248,-2.497221,0.120285,0.983509,-0.135059,-0.771576,0.810299,1.252170,3.480347,39.536282,19.171349,,,,,,,
1530639447.119397,0.841483,-1.470361,-0.596367,-2.866642,0.847329,-2.744774,0.074762,0.994961,-0.066813,-0.169244,0.738865,0.087870,0.010151,38.134949,21.141403,,,,,,,
1530639447.139366,1.125796,-1.550277,-0.265504,-3.168549,-3.853766,-2.641270,0.018521,0.999789,-0.008833,-0.013394,0.503735,-0.493822,-1.955742,36.739326,22.341232,,,,,,,
1530639447.159335,-2.745301,-1.505203,2.247145,-3.561262,-5.512903,-2.151120,-0.025301,0.997850,0.060466,0.042009,0.502852,-0.531505,-2.656097,35.025047,23.944546,,,,,,,
1530639447.179304,-2.782898,-1.424266,2.328287,-3.582293,-6.165932,-1.742055,-0.051256,0.989284,0.136714,0.018160,0.726369,-0.518626,-2.410488,32.498573,25.935844,,,,,,,
1530639447.199272,-2.878160,-1.352265,2.354656,-3.157053,-5.886103,-1.042040,-0.056453,0.976217,0.209318,0.153438,0.937174,-0.533918,-1.669817,30.455315,27.722397,,,,,,,
1530639447.219241,-2.987971,-1.295709,2.351609,-2.508082,-4.917963,-0.275301,-0.041564,0.962402,0.268432,0.232650,0.965302,-0.490600,-0.212440,28.293648,29.419186,,,,,,,
1530639447.239210,-3.077935,-1.258692,2.333267,-1.402944,-2.637620,0.201699,-0.019534,0.951689,0.306440,0.211611,0.642839,-0.518843,0.866123,26.495575,30.442307,,,,,,,
1530639447.259179,-3.107686,-1.250305,2.316143,0.119852,0.429422,0.236913,-0.010680,0.949081,0.314852,0.129118,0.149049,-0.653597,0.711308,25.992172,30.795799,,,,,,,
1530639447.279148,-3.081341,-1.263058,2.308886,0.764657,2.183317,0.079957,-0.018239,0.953021,0.302354,0.111394,-0.292086,-0.535844,-0.644295,25.901093,30.971958,,,,,,,
1530639447.299116,-3.044286,-1.260941,2.301092,-0.951531,1.949320,0.156446,-0.029624,0.952378,0.303478,0.324485,-0.654084,0.194782,-2.170248,25.314674,31.391510,,,,,,,
1530639447.319085,-3.033057,-1.228996,2.283765,-1.765128,1.114807,0.028443,-0.036308,0.942153,0.333211,0.278633,-0.683089,-0.357213,-3.304777,24.313339,32.502708,,,,,,,
1530639447.339054,-3.015249,-1.200506,2.284873,-1.099530,0.707381,-0.310653,-0.045601,0.932222,0.359002,0.194572,-0.614611,-0.789178,-4.205959,23.182671,33.222935,,,,,,,
1530639447.359023,-2.992715,-1.190570,2.303959,-0.042237,-0.147552,-0.447926,-0.055049,0.928581,0.367026,0.237010,-0.607063,-1.027335,-4.811977,22.447243,33.652775,,,,,,,
1530639447.378991,-2.987842,-1.199677,2.330802,0.788005,-1.594458,-0.375314,-0.055540,0.931922,0.358381,0.290906,-0.600821,-1.105116,-4.575241,22.487419,33.854210,,,,,,,
1530639447.398960,-3.016585,-1.219164,2.351521,1.086200,-2.770785,-0.135031,-0.042944,0.938812,0.341743,0.315756,-0.635696,-0.995353,-3.442837,22.837021,33.924744,,,,,,,
1530639447.418929,-3.065176,-1.237673,2.359093,0.846180,-2.739472,-0.022313,-0.024963,0.945026,0.326040,0.238785,-0.673984,-0.636557,-1.822973,22.948898,33.964943,,,,,,,
1530639447.438898,-3.110068,-1.255470,2.357765,0.964539,-1.948878,0.104274,-0.009775,0.950695,0.309971,0.210459,-0.750103,-0.628926,-0.295444,23.300148,33.681904,,,,,,,
1530639447.458867,3.128202,-1.278992,2.347606,1.289573,-1.958963,0.110460,0.003852,0.957726,0.287654,0.184167,-0.771279,-0.687618,1.053410,23.617645,33.425278,,,,,,,
1530639447.478835,3.085183,-1.308153,2.357631,1.521754,-3.036036,-0.430001,0.014638,0.965707,0.259220,-0.066625,-0.431070,-0.707875,2.518368,24.149719,32.895641,,,,,,,
1530639447.498804,3.100356,-1.331499,2.427040,0.416356,-2.141835,-1.339268,0.009771,0.971505,0.236818,-0.132437,-0.062279,0.010038,3.832809,24.591164,32.184589,,,,,,,
1530639447.518773,-2.980607,-1.245158,2.573070,-5.565067,6.076827,-2.332709,-0.051279,0.947447,0.315777,-0.373312,1.625857,5.510563,1.730934,22.965195,33.868237,,,,,,,
1530639447.538742,-2.891173,-1.172658,2.591737,-1.685198,1.265384,-0.518496,-0.096077,0.921785,0.375610,0.839973,2.210326,1.677109,-0.977150,20.690956,35.267258,,,,,,,
1530639447.558710,-2.911734,-1.177099,2.598993,0.998389,-2.283183,0.076413,-0.087401,0.923497,0.373517,0.629302,0.679332,-0.161984,-0.438148,20.419991,35.298069,,,,,,,
1530639447.578679,-2.944063,-1.200267,2.608062,1.116864,-1.488286,0.059569,-0.071063,0.932136,0.355068,0.236987,-0.336417,0.537907,0.818176,20.939278,34.728180,,,,,,,
1530639447.598648,-2.931331,-1.236879,2.619934,2.579669,1.272968,0.257888,-0.068406,0.944766,0.320529,0.098771,-0.139407,-0.841784,1.119129,22.029526,34.081364,,,,,,,
1530639447.618617,-2.870459,-1.294569,2.633682,2.553016,2.590232,0.536315,-0.073043,0.962091,0.262765,0.056350,0.520102,-1.281945,0.187725,23.808723,33.275799,,,,,,,
1530639447.638586,-2.823900,-1.316207,2.626335,0.087551,2.848920,0.280204,-0.078671,0.967767,0.239246,0.054822,0.475486,-0.520404,-1.100439,24.755455,32.680920,,,,,,,
1530639447.658554,-2.782853,-1.305568,2.605030,-0.788813,3.197946,-0.024775,-0.092032,0.965033,0.245443,0.174186,-0.230353,-0.432470,-2.560219,24.484772,32.564587,,,,,,,
,,,,,,,,,,,,,,,,39.779451,-84.063854,293.431793,-1.000000,-1.000000,1530639447.629155,
1530639447.678523,-2.729656,-1.290470,2.593299,-0.669078,3.221038,-0.176932,-0.110774,0.960965,0.253525,0.154277,-0.536389,-0.436722,-4.541695,24.372475,32.549633,,,,,,,
1530639447.698492,-2.672865,-1.284142,2.587229,-0.082803,2.967391,0.077672,-0.127730,0.959195,0.252248,0.229125,-0.457318,-0.531789,-6.174473,24.325844,32.267395,,,,,,,
1530639447.718461,-2.643259,-1.293487,2.566860,0.499457,2.003496,0.713929,-0.130850,0.961796,0.240472,0.292792,0.030804,-0.668008,-7.334755,24.279427,31.802643,,,,,,,
1530639447.738430,-2.664866,-1.318645,2.515681,0.959487,0.943087,1.424361,-0.114482,0.968378,0.221667,0.292506,0.455023,-0.670367,-7.759195,25.051193,31.341240,,,,,,,
1530639447.758398,-2.736896,-1.353161,2.434161,1.268881,-0.080273,1.573591,-0.085015,0.976411,0.198475,0.153405,0.619033,-0.586964,-7.289303,25.858276,30.667152,,,,,,,
1530639447.778367,-2.823646,-1.390040,2.357723,1.581427,-0.952120,1.203670,-0.056198,0.983708,0.170756,0.029541,0.404552,-0.473308,-6.286348,26.765358,30.112167,,,,,,,
1530639447.798336,-2.908263,-1.429558,2.297166,1.877710,-1.475516,0.890608,-0.032546,0.990042,0.136946,-0.005204,0.122659,-0.336500,-5.238270,27.912888,29.438316,,,,,,,
1530639447.818305,-3.003587,-1.472015,2.233458,2.096435,-1.764564,0.694902,-0.013565,0.995125,0.097665,-0.040268,-0.135308,-0.221262,-3.938032,29.028282,28.451424,,,,,,,
1530639447.838274,3.108088,-1.517908,2.097433,2.387606,-1.870066,0.612555,0.001770,0.998602,0.052797,-0.075363,-0.330709,-0.133898,-2.574320,30.159157,27.036446,,,,,,,
1530639447.858242,1.473717,-1.555049,0.495948,2.936531,-1.553854,0.675094,0.015534,0.999876,-0.001513,-0.117035,-0.406981,-0.038801,-1.248779,31.261742,25.461563,,,,,,,
1530639447.878211,0.398110,-1.496047,-0.562457,3.552987,-0.462229,0.667312,0.028940,0.997208,-0.068812,-0.198648,-0.240646,0.120463,-0.348003,32.606041,23.551857,,,,,,,
1530639447.898180,0.298088,-1.431453,-0.698358,2.916433,2.985448,0.197843,0.040787,0.990307,-0.132753,-0.407883,-0.016125,0.927095,-0.713764,34.548157,20.506004,,,,,,,
1530639447.918149,0.296521,-1.390223,-0.787558,1.765765,4.704035,-0.195753,0.052473,0.983741,-0.171745,-0.320463,0.006860,0.621513,-2.165661,35.310745,18.688194,,,,,,,
1530639447.938117,0.326586,-1.367594,-0.850815,1.002448,4.345541,-0.200125,0.064738,0.979425,-0.191129,-0.168819,-0.076746,0.196088,-3.491964,35.691696,17.625618,,,,,,,
1530639447.958086,0.373922,-1.354156,-0.882113,0.656768,3.524947,0.031492,0.078510,0.976625,-0.200087,-0.126515,-0.169573,0.113371,-4.357862,35.886292,16.805550,,,,,,,
1530639447.978055,0.384377,-1.321531,-0.924263,2.513343,1.672455,0.279935,0.092501,0.969094,-0.228683,-0.098956,-0.069970,-0.051179,-4.539921,36.624420,15.003777,,,,,,,
1530639447.998024,0.370395,-1.273740,-0.951257,1.776003,0.051296,0.722174,0.105953,0.956202,-0.272850,-0.096431,-0.013987,0.509773,-4.155561,37.105042,13.699188,,,,,,,
1530639448.017992,0.396820,-1.259519,-0.917087,-0.120806,-0.557363,0.710347,0.118369,0.951943,-0.282470,-0.334860,0.091865,0.864989,-3.298548,37.208572,13.141151,,,,,,,
1530639448.037961,0.421454,-1.263037,-0.873294,-0.490988,-1.066665,0.465931,0.123920,0.953015,-0.276411,-0.328708,0.199863,0.225553,-2.549883,37.373405,13.319901,,,,,,,
1530639448.057930,0.432006,-1.266877,-0.840740,-0.320050,-1.034912,0.335921,0.125296,0.954171,-0.271763,-0.352866,0.226447,0.216724,-1.912117,37.254341,13.434845,,,,,,,
1530639448.077899,0.435475,-1.267340,-0.821305,-0.012027,-0.594930,0.231220,0.126052,0.954309,-0.270926,-0.394210,0.226339,0.252509,-1.430689,37.180710,13.287834,,,,,,,
1530639448.097867,0.435154,-1.263604,-0.819342,0.171963,0.123970,0.026732,0.127468,0.953186,-0.274198,-0.433238,0.197876,0.319685,-1.271160,37.577942,13.137909,,,,,,,
1530639448.117837,0.454811,-1.273215,-0.827023,-0.928701,2.187417,-0.592227,0.128802,0.956048,-0.263398,-0.575458,0.287238,0.910981,-1.614386,37.574890,13.298714,,,,,,,
1530639448.137805,0.493247,-1.315224,-0.851860,-2.085589,3.510831,-1.628305,0.119694,0.967519,-0.222659,-0.718998,0.561412,0.710803,-2.965857,37.222351,14.080246,,,,,,,
1530639448.157773,0.505948,-1.373409,-0.919314,-2.133310,3.673837,-2.210490,0.095037,0.980582,-0.171532,-0.781439,0.691155,0.718742,-4.953321,36.845490,14.888298,,,,,,,
1530639448.177742,0.430100,-1.436896,-1.034356,-2.762089,0.467859,-2.310917,0.055660,0.991049,-0.121332,-0.637142,0.968744,0.530283,-6.526312,36.333244,16.587837,,,,,,,
1530639448.197712,0.066001,-1.513307,-1.363380,-3.443351,-3.072902,-2.525646,0.003788,0.998348,-0.057310,-0.100956,0.741856,0.112074,-7.376726,35.401184,18.567848,,,,,,,
1530639448.217681,-1.899199,-1.521058,3.043375,-3.645368,-5.241872,-2.389434,-0.047037,0.998763,0.016027,0.006113,0.462266,-0.524481,-7.411091,34.449409,21.271492,,,,,,,
1530639448.237648,-2.429583,-1.440765,2.625176,-3.774642,-5.888653,-2.080559,-0.084712,0.991558,0.098156,0.030375,0.492817,-0.487561,-6.401150,32.931953,24.333256,,,,,,,
1530639448.257618,-2.632246,-1.361299,2.536517,-3.564342,-5.658406,-1.383887,-0.101404,0.978136,0.181565,0.136820,0.762358,-0.496262,-5.107265,31.589470,26.974293,,,,,,,
1530639448.277587,-2.785729,-1.295582,2.484700,-3.026481,-4.924045,-0.488751,-0.094678,0.962367,0.254724,0.219235,1.007680,-0.518228,-3.190729,30.307632,29.009796,,,,,,,
1530639448.297556,-2.918023,-1.246662,2.432059,-2.202920,-3.532440,0.333169,-0.070612,0.947927,0.310558,0.265161,0.956965,-0.515270,-1.138731,29.146721,30.933128,,,,,,,
1530639448.317525,-3.001322,-1.225774,2.375992,-0.520855,-0.227321,0.893079,-0.047286,0.941068,0.334894,0.280181,0.533954,-0.669549,-0.210896,28.883118,31.546661,,,,,,,
1530639448.337493,-3.021177,-1.234908,2.319734,0.688478,2.455666,0.927636,-0.039594,0.944118,0.327217,0.224408,-0.026515,-0.641167,-0.679981,29.049622,31.491833,,,,,,,
1530639448.357462,-2.999567,-1.249570,2.278866,0.393156,2.995584,0.607674,-0.044690,0.948849,0.312546,0.196134,-0.443951,-0.423874,-2.065697,29.533440,31.300297,,,,,,,
1530639448.377431,-2.997813,-1.229655,2.238242,-1.693859,1.467605,0.410092,-0.047937,0.942374,0.331106,0.337946,-0.798758,0.106364,-2.958572,29.020042,31.776184,,,,,,,
1530639448.397400,-3.001009,-1.193983,2.206979,-1.723387,1.246225,0.178536,-0.051558,0.929842,0.364325,0.290603,-0.748811,-0.515448,-3.443539,28.050941,32.984203,,,,,,,
1530639448.417369,-2.988143,-1.170631,2.195783,-0.821621,0.909783,-0.060271,-0.059545,0.920997,0.384989,0.282216,-0.724341,-0.863687,-4.245165,27.634583,33.396626,,,,,,,
1530639448.437337,-2.983406,-1.167004,2.201053,0.224227,-0.756589,-0.188389,-0.061893,0.919578,0.387998,0.266971,-0.669898,-1.133497,-4.235628,27.571991,33.367973,,,,,,,
1530639448.457306,-3.012504,-1.179391,2.211938,0.852972,-2.553560,-0.088358,-0.049108,0.924374,0.378309,0.319799,-0.651394,-1.108946,-3.364483,27.982315,33.401001,,,,,,,
1530639448.477275,-3.058380,-1.199545,2.219415,0.995453,-2.632113,-0.069766,-0.030153,0.931874,0.361523,0.246385,-0.627293,-0.742382,-1.759838,28.565186,32.971584,,,,,,,
1530639448.497244,-3.086480,-1.219135,2.230459,1.071702,-1.469985,-0.190085,-0.018974,0.938802,0.343932,0.122795,-0.638387,-0.550841,-0.535145,29.252327,32.410786,,,,,,,
1530639448.517213,-3.084521,-1.247673,2.248309,1.696072,-0.554535,-0.263507,-0.018112,0.948248,0.317011,0.082596,-0.716498,-0.714670,-0.261040,30.252769,31.742741,,,,,,,
1530639448.537182,-3.073595,-1.287406,2.284018,2.177873,-1.903942,-0.544786,-0.018998,0.960113,0.278963,-0.006576,-0.631652,-0.870119,0.173965,31.331360,30.497665,,,,,,,
1530639448.557149,-3.069978,-1.332632,2.350714,2.296588,-3.581362,-0.787102,-0.016881,0.971773,0.235311,0.030537,-0.354021,-0.748831,1.449730,32.663773,29.029270,,,,,,,
1530639448.577118,-3.036302,-1.323109,2.452211,-4.714498,-2.192474,-1.755041,-0.025765,0.969482,0.243802,-0.246955,0.314728,1.330951,2.091377,32.447258,29.626148,,,,,,,
1530639448.597087,-2.963082,-1.167540,2.483786,-3.900839,4.855505,-0.759061,-0.069679,0.919788,0.386179,0.134513,2.763119,5.286032,0.216751,29.120346,33.095592,,,,,,,
1530639448.617056,-2.965127,-1.154515,2.456881,0.265225,-1.526362,0.976580,-0.070986,0.914599,0.398081,0.969897,1.405256,0.047552,-0.046635,28.250008,33.976463,,,,,,,
1530639448.637025,-3.103543,-1.169750,2.385503,0.584468,-3.628336,1.616621,-0.014850,0.920653,0.390098,0.805744,0.394044,0.658409,2.514015,28.687325,33.552635,,,,,,,
1530639448.656993,3.090669,-1.197023,2.311864,2.171742,1.048260,1.163876,0.018586,0.930956,0.364658,0.408767,0.458250,-0.077305,3.895214,29.302483,32.945316,,,,,,,
1530639448.676962,3.118354,-1.247639,2.274840,2.237038,3.247248,0.045649,0.007379,0.948237,0.317476,-0.126291,0.565236,-1.320695,2.747730,30.660004,32.101330,,,,,,,
1530639448.696931,-3.095163,-1.265620,2.297247,0.160438,2.106318,-0.410100,-0.013945,0.953794,0.300136,0.052992,-0.041639,-0.686794,0.950115,31.372284,31.425461,,,,,,,
1530639448.716900,-3.024631,-1.259047,2.325113,-0.419891,2.313511,-0.492430,-0.035793,0.951798,0.304626,0.060161,-0.588777,-0.608658,-0.340595,31.079849,31.541740,,,,,,,
1530639448.736869,-2.944053,-1.249697,2.357789,-0.295313,2.565917,-0.601476,-0.061940,0.948889,0.309470,0.046575,-0.811026,-0.531409,-2.004280,30.991257,31.880573,,,,,,,
1530639448.756837,-2.868508,-1.246776,2.383624,0.105690,2.490595,-0.264220,-0.085867,0.947963,0.306580,0.137000,-0.644206,-0.627228,-3.717878,30.971420,31.946621,,,,,,,
1530639448.776806,-2.830119,-1.254109,2.376687,0.433979,1.996077,0.512899,-0.095438,0.950272,0.296433,0.249597,-0.110917,-0.701966,-4.975323,31.182854,31.572151,,,,,,,
1530639448.796775,-2.848249,-1.271093,2.328173,0.671064,0.968118,1.170861,-0.085368,0.955424,0.282623,0.167934,0.442891,-0.833572,-5.162502,31.521523,31.007454,,,,,,,
1530639448.816744,-2.918606,-1.294084,2.245718,0.909809,0.055073,1.493942,-0.060415,0.961959,0.266428,0.083409,0.713670,-0.802119,-4.690308,32.030937,30.677696,,,,,,,
1530639448.836713,-3.010549,-1.320772,2.161564,1.280057,-0.974657,1.124802,-0.032331,0.968906,0.245305,-0.075488,0.633541,-0.744938,-3.543459,32.740700,30.127010,,,,,,,
1530639448.856682,-3.098383,-1.354775,2.099990,1.844641,-1.648645,0.705688,-0.009259,0.976758,0.214144,-0.098651,0.351291,-0.611789,-2.324196,33.659874,29.129379,,,,,,,
1530639448.876650,3.094512,-1.397206,2.043111,2.270435,-1.811486,0.447992,0.008129,0.984971,0.172529,-0.099834,0.094756,-0.388166,-1.128660,34.495720,27.814274,,,,,,,
1530639448.896619,2.979942,-1.444912,1.963873,2.517295,-1.895331,0.269152,0.020207,0.992087,0.123915,-0.118916,-0.131095,-0.253569,-0.024239,35.651360,26.327999,,,,,,,
1530639448.916588,2.768671,-1.494653,1.789809,2.682990,-1.979507,0.141873,0.027714,0.997102,0.070839,-0.128117,-0.292742,-0.161461,0.885845,36.687973,24.210968,,,,,,,
1530639448.936557,2.011179,-1.536877,1.067738,2.823433,-1.724785,0.016496,0.030678,0.999425,0.014457,-0.141395,-0.317922,-0.046668,1.729889,37.876396,22.322578,,,,,,,
1530639448.956526,0.559140,-1.512480,-0.397175,3.560072,3.341234,-0.039190,0.030913,0.998300,-0.049401,-0.224928,-0.195535,0.714669,1.792728,38.939163,20.183350,,,,,,,
1530639448.976494,0.334417,-1.452339,-0.741898,3.052337,6.761765,-0.101404,0.038787,0.992992,-0.111629,-0.183364,-0.104213,0.678157,0.126614,40.059818,17.712158,,,,,,,
1530639448.996463,0.348440,-1.406181,-0.870313,2.128355,6.891154,-0.090926,0.055950,0.986481,-0.154020,-0.130764,-0.072984,0.309782,-1.877522,40.786724,15.631859,,,,,,,
1530639449.016432,0.393181,-1.377810,-0.950114,1.260934,5.588229,-0.165614,0.073479,0.981436,-0.177153,-0.163735,-0.086889,0.075316,-3.437031,41.296787,14.072647,,,,,,,
1530639449.036401,0.443832,-1.362667,-0.993396,0.684104,4.018539,0.009841,0.088726,0.978419,-0.186608,-0.141369,-0.236262,0.046105,-4.573318,41.588535,13.112915,,,,,,,
1530639449.056370,0.450667,-1.334477,-1.029154,2.121655,0.410350,0.505590,0.101976,0.972206,-0.210748,0.006086,-0.232674,0.023324,-4.945965,41.876522,11.716331,,,,,,,
1530639449.076339,0.426776,-1.291876,-1.029845,1.631641,-1.879898,1.112369,0.113964,0.961353,-0.250622,-0.046413,-0.016025,0.240124,-4.170990,42.283642,10.336060,,,,,,,
1530639449.096307,0.420266,-1.263542,-0.987568,0.669313,-2.481030,1.085220,0.123397,0.953168,-0.276123,-0.293548,0.174716,0.475525,-3.151859,42.528648,9.550575,,,,,,,
1530639449.116276,0.421796,-1.253756,-0.952069,0.053330,-1.023729,0.457097,0.127632,0.950162,-0.284431,-0.547310,0.367678,0.956168,-2.475910,42.637844,9.460159,,,,,,,
1530639449.136245,0.422170,-1.253898,-0.944915,-0.145212,-0.150360,-0.037009,0.127684,0.950206,-0.284261,-0.437254,0.325718,0.431539,-2.092554,42.694466,9.295448,,,,,,,
1530639449.156214,0.425549,-1.261570,-0.940703,-0.532991,-0.051778,-0.066907,0.125630,0.952569,-0.277179,-0.334279,0.231711,0.253971,-2.170427,42.610760,9.353371,,,,,,,
1530639449.176183,0.447919,-1.272812,-0.919395,-0.633431,0.175222,0.156355,0.127153,0.955930,-0.264630,-0.331254,0.157427,0.236753,-2.129171,42.559887,9.894218,,,,,,,
1530639449.196152,0.482648,-1.277521,-0.893495,-0.299860,0.526514,0.264500,0.134174,0.957302,-0.256066,-0.401996,0.117146,0.214349,-2.067865,42.535542,10.167274,,,,,,,
1530639449.216120,0.505571,-1.286058,-0.874834,-0.681205,-0.077637,-0.151736,0.136045,0.959735,-0.245764,-0.582273,0.362912,0.133673,-2.264385,42.563576,11.179016,,,,,,,
1530639449.236089,0.511341,-1.308660,-0.884357,-1.208308,1.981831,-1.020569,0.126811,0.965839,-0.225997,-0.826274,0.614651,0.685836,-3.428202,42.549511,12.149078,,,,,,,
1530639449.256058,0.564152,-1.367352,-0.914194,-3.019819,4.673014,-2.187591,0.108033,0.979376,-0.170736,-0.982239,0.728708,1.583196,-5.753653,41.631538,14.095917,,,,,,,
1530639449.276027,0.580333,-1.442907,-0.960564,-2.893988,1.521203,-2.494252,0.069931,0.991833,-0.106661,-0.414566,0.712055,0.565553,-8.270124,40.788815,16.317101,,,,,,,
1530639449.295996,0.340106,-1.526822,-1.185435,-3.431837,-2.132653,-2.803810,0.014666,0.999033,-0.041445,-0.063189,0.370992,-0.001798,-10.063574,39.451492,19.400467,,,,,,,
1530639449.315964,-2.161581,-1.523499,2.669205,-3.319051,-4.547554,-2.557816,-0.039267,0.998882,0.026336,0.050544,0.291264,-0.575760,-10.283705,37.480354,22.607445,,,,,,,
1530639449.335933,-2.489263,-1.443606,2.446734,-3.474121,-5.658369,-2.031968,-0.077000,0.991922,0.100801,0.056172,0.461752,-0.573640,-9.459139,35.539604,25.960995,,,,,,,
1530639449.355902,-2.661113,-1.368889,2.388391,-3.321216,-5.774554,-1.361159,-0.092690,0.979686,0.177832,0.089379,0.758321,-0.559195,-7.647640,33.920570,29.092060,,,,,,,
1530639449.375871,-2.799550,-1.305872,2.361087,-2.755724,-5.437799,-0.758356,-0.087823,0.965112,0.246668,0.069558,1.088873,-0.579020,-5.061470,31.915138,31.700401,,,,,,,
1530639449.395840,-2.901714,-1.265140,2.345344,-1.478422,-3.489475,-0.167237,-0.071494,0.953650,0.292303,0.129279,1.097528,-0.634542,-2.903997,30.544960,32.960918,,,,,,,
1530639449.415809,-2.952458,-1.252776,2.327548,-0.267871,-0.824472,0.232836,-0.058788,0.949856,0.307112,0.196392,0.598239,-0.545500,-2.116123,30.262238,33.431316,,,,,,,
1530639449.435777,-2.968215,-1.244353,2.294649,-1.029758,1.730846,0.624298,-0.055320,0.947189,0.315869,0.340232,-0.104019,0.395129,-2.425690,29.751961,33.629951,,,,,,,
1530639449.455746,-2.982567,-1.212336,2.230450,-1.989144,2.270298,0.722330,-0.055556,0.936438,0.346406,0.335693,-0.431098,-0.029709,-3.271811,28.306892,34.414761,,,,,,,
1530639449.475715,-2.973983,-1.177504,2.197467,-1.599386,1.696666,0.006821,-0.063933,0.923652,0.377861,0.068648,-0.433494,-0.692360,-4.460421,27.545715,35.132481,,,,,,,
1530639449.495684,-2.940037,-1.155459,2.205249,-0.683502,1.038909,-0.541067,-0.080778,0.914980,0.395331,0.110823,-0.502550,-0.892600,-5.321245,26.884338,35.534542,,,,,,,
1530639449.515653,-2.902122,-1.151859,2.234049,0.325220,0.238914,-0.638727,-0.096486,0.913522,0.395182,0.211095,-0.570107,-0.947062,-5.888693,26.831642,35.538570,,,,,,,
1530639449.535622,-2.878417,-1.163992,2.268478,0.976203,-0.949302,-0.451876,-0.102935,0.918390,0.382053,0.277510,-0.604745,-0.917804,-5.688887,27.270515,35.223186,,,,,,,
1530639449.555591,-2.893836,-1.184137,2.293320,1.093956,-2.490878,-0.064748,-0.092475,0.926174,0.365581,0.320655,-0.616421,-0.927898,-4.442663,27.611137,34.770428,,,,,,,
1530639449.575560,-2.948279,-1.198609,2.290068,0.475077,-2.440495,0.341155,-0.069862,0.931534,0.356880,0.327827,-0.637314,-0.464989,-2.626585,27.726425,34.649384,,,,,,,
1530639449.595529,-2.999985,-1.207715,2.267416,0.425182,-0.989984,0.508302,-0.050125,0.934807,0.351602,0.250030,-0.654549,-0.538369,-1.559124,28.040878,34.754375,,,,,,,
1530639449.615498,-3.030410,-1.223695,2.242454,0.971462,-0.240536,0.498539,-0.037744,0.940363,0.338074,0.216088,-0.714746,-0.810425,-1.043041,28.590149,34.452854,,,,,,,
1530639449.635467,-3.059436,-1.251312,2.224058,1.527513,-1.024626,0.357247,-0.025775,0.949398,0.313018,0.181048,-0.702434,-0.896636,-0.281067,29.332756,33.550861,,,,,,,
1530639449.655435,-3.104932,-1.285773,2.221132,1.827979,-2.893049,-0.049705,-0.010306,0.959655,0.280991,0.046698,-0.441574,-0.822937,1.199482,30.392662,32.531288,,,,,,,
1530639449.675404,-3.132477,-1.320433,2.260651,1.421209,-3.345685,-0.824087,-0.002259,0.968822,0.247746,-0.075927,-0.034191,-0.310811,2.825298,31.267937,31.571625,,,,,,,
1530639449.695373,-3.022254,-1.281548,2.381235,-4.404932,3.144425,-2.170485,-0.033958,0.958459,0.283202,-0.569191,1.056998,3.660218,1.631195,30.347610,32.925484,,,,,,,
1530639449.715342,-2.897319,-1.203375,2.429615,-2.183338,2.457321,-0.931302,-0.086875,0.933257,0.348546,0.335807,2.329454,2.997691,-0.844151,28.398125,34.747906,,,,,,,
1530639449.735311,-2.873826,-1.203946,2.458454,1.083804,-1.231020,-0.265638,-0.094898,0.933462,0.345895,0.579227,0.979823,0.134223,-0.916229,28.373947,34.567322,,,,,,,
1530639449.755280,-2.872469,-1.230540,2.473642,1.287288,0.548733,0.328573,-0.088734,0.942669,0.321715,0.479328,0.058750,0.720063,-0.713303,29.093719,33.979309,,,,,,,
1530639449.775248,-2.824491,-1.266203,2.468588,2.013601,3.370887,0.694661,-0.093515,0.953969,0.284953,0.403283,0.305079,-0.324824,-1.798742,30.075798,33.080612,,,,,,,
1530639449.795217,-2.769815,-1.298837,2.475223,1.005037,1.496904,0.195944,-0.097582,0.963246,0.250268,0.032549,0.534800,-1.161538,-2.876488,30.741951,32.108589,,,,,,,
1530639449.815186,-2.779494,-1.277478,2.451469,-2.053464,0.716148,-0.096603,-0.102420,0.957290,0.270381,0.030582,0.089494,0.524495,-3.549669,30.329338,32.641838,,,,,,,
1530639449.835155,-2.793005,-1.244615,2.407685,-1.459704,1.767674,0.108136,-0.109449,0.947273,0.301156,0.202100,-0.515403,-0.725014,-4.117508,29.120697,33.391582,,,,,,,
1530639449.855124,-2.779244,-1.230968,2.384287,-0.370278,1.619254,0.128157,-0.118155,0.942812,0.311682,0.117346,-0.797975,-0.800665,-5.013836,28.734192,33.528831,,,,,,,
1530639449.875092,-2.771341,-1.235462,2.369916,0.408777,0.580379,0.423293,-0.119080,0.944300,0.306786,0.145859,-0.645472,-0.730950,-5.562153,29.054077,33.657387,,,,,,,
1530639449.895061,-2.798183,-1.256487,2.346995,1.082614,-0.723534,0.897312,-0.104094,0.951010,0.291109,0.164580,-0.047079,-0.834017,-4.974764,29.607758,32.964050,,,,,,,
1530639449.915030,-2.869963,-1.289146,2.291515,1.441103,-1.007785,1.437851,-0.074572,0.960598,0.267751,0.175784,0.544971,-0.699849,-3.668900,30.185432,32.313740,,,,,,,
1530639449.934999,-2.965674,-1.325945,2.211369,1.601628,-0.960508,1.298318,-0.042425,0.970173,0.238671,0.020880,0.812404,-0.670358,-2.471569,31.246582,31.393833,,,,,,,
1530639449.954968,-3.044234,-1.360894,2.153031,1.693205,-1.247279,0.619721,-0.020254,0.978051,0.207378,-0.064127,0.636893,-0.576046,-1.114952,32.005905,30.447617,,,,,,,
1530639449.974937,-3.094224,-1.398145,2.129328,1.943823,-1.424672,0.239793,-0.008135,0.985133,0.171601,-0.047621,0.256658,-0.439561,-0.277020,32.935898,29.233261,,,,,,,
1530639449.994905,-3.140319,-1.439786,2.110609,2.155110,-1.402230,0.177252,-0.000166,0.991430,0.130635,-0.015398,-0.055761,-0.285329,0.556793,33.911324,27.992825,,,,,,,
1530639450.014874,3.064981,-1.484774,2.058672,2.321702,-1.333951,0.193057,0.006576,0.996302,0.085663,-0.018737,-0.278331,-0.190780,1.154839,34.958618,26.609886,,,,,,,
1530639450.034843,2.841212,-1.531986,1.859766,2.482587,-1.274009,0.137705,0.011479,0.999247,0.037059,-0.064885,-0.406046,-0.128444,1.858677,36.021477,24.923229,,,,,,,
1530639450.054812,0.751308,-1.550837,-0.208457,2.617322,-1.030720,0.069494,0.013628,0.999801,-0.014591,-0.083010,-0.382949,-0.040234,2.384624,36.921593,23.031700,,,,,,,
1530639450.074781,0.198318,-1.501702,-0.749138,2.646239,-0.420752,-0.019547,0.013602,0.997614,-0.067686,-0.105933,-0.195429,0.075011,2.807713,37.857239,20.958473,,,,,,,
1530639450.094750,0.126301,-1.450398,-0.852015,2.593539,3.898305,-0.094148,0.015129,0.992761,-0.119150,-0.172722,-0.065576,0.704508,2.326073,38.466103,19.324570,,,,,,,
1530639450.114718,0.187811,-1.406821,-0.915708,1.985266,6.770241,-0.159012,0.030479,0.986586,-0.160371,-0.155372,-0.107985,0.635697,0.515060,39.623886,17.751198,,,,,,,
1530639450.134687,0.251634,-1.374760,-0.985651,1.543879,6.367258,-0.289985,0.048498,0.980846,-0.188648,-0.157538,-0.081005,0.137867,-1.488266,40.162155,16.254890,,,,,,,
1530639450.154656,0.313787,-1.350982,-1.041181,1.168389,5.404755,-0.128843,0.067303,0.975938,-0.207401,-0.121991,-0.161592,0.095036,-3.137440,40.525124,14.967293,,,,,,,
1530639450.174625,0.380882,-1.329129,-1.067650,1.315394,4.034213,0.267424,0.088965,0.970940,-0.222171,-0.106101,-0.156564,0.077701,-4.098953,40.902912,13.946739,,,,,,,
1530639450.194594,0.407421,-1.282125,-1.088305,2.326882,1.184640,0.910500,0.112802,0.958623,-0.261376,-0.122201,0.113429,0.304269,-4.255285,41.271961,12.016823,,,,,,,
1530639450.214563,0.425251,-1.252099,-1.065710,0.571198,-0.897534,0.860942,0.129264,0.949645,-0.285423,-0.433264,0.154939,0.791999,-3.496897,41.650631,10.979698,,,,,,,
1530639450.234531,0.432262,-1.246639,-1.025271,-0.265634,-1.945485,0.629698,0.133432,0.947919,-0.289214,-0.378595,0.212237,0.280455,-2.733458,41.758183,10.866295,,,,,,,
1530639450.254500,0.428920,-1.249672,-0.983416,-0.451279,-2.219484,0.511719,0.131268,0.948881,-0.287042,-0.367108,0.252474,0.243554,-1.893770,41.648327,11.269897,,,,,,,
1530639450.274469,0.427339,-1.250839,-0.951571,-0.101307,-1.051906,0.388507,0.130356,0.949249,-0.286241,-0.445572,0.278992,0.435930,-1.432251,41.596252,11.315025,,,,,,,
1530639450.294438,0.435929,-1.250939,-0.938214,-0.233129,0.028894,0.066172,0.132769,0.949280,-0.285025,-0.471179,0.240844,0.470663,-0.966797,41.526192,11.429611,,,,,,,
1530639450.314407,0.438139,-1.265493,-0.935532,-0.973045,-0.160152,-0.497383,0.127524,0.953756,-0.272190,-0.561667,0.385768,0.257756,-1.149708,41.520416,11.783249,,,,,,,
1530639450.334375,0.425630,-1.297969,-0.954735,-1.563541,0.816022,-1.152907,0.111257,0.963013,-0.245414,-0.720098,0.545898,0.480506,-2.044512,41.492195,12.765663,,,,,,,
1530639450.354344,0.412936,-1.349426,-1.007226,-2.489757,2.423515,-1.934463,0.088112,0.975597,-0.201112,-0.884408,0.681782,0.740144,-3.331949,40.966949,14.034416,,,,,,,
1530639450.374313,0.363284,-1.416975,-1.117520,-2.742558,2.794975,-2.320398,0.054444,0.988193,-0.143216,-0.752229,0.946850,1.000866,-5.857143,40.268463,15.875893,,,,,,,
1530639450.394282,0.081408,-1.493248,-1.422137,-3.679779,-0.172956,-2.667688,0.006300,0.996995,-0.077214,-0.066877,0.587982,0.593342,-7.975904,39.357719,18.116966,,,,,,,
1530639450.414251,-1.549413,-1.520797,-3.016313,-3.664479,-3.033390,-2.801361,-0.049966,0.998750,-0.001069,-0.016975,0.347716,-0.459930,-9.597910,37.804703,21.022682,,,,,,,
1530639450.434220,-2.217375,-1.444681,2.681042,-3.486674,-4.778118,-2.572242,-0.100392,0.992058,0.075778,0.068272,0.332725,-0.638354,-9.995514,35.885384,23.947662,,,,,,,
1530639450.454188,-2.441303,-1.365698,2.560729,-3.354537,-5.485925,-1.911610,-0.131248,0.979041,0.155732,0.181083,0.571283,-0.601822,-9.110163,33.711845,27.167267,,,,,,,
1530639450.474157,-2.607817,-1.301168,2.504203,-2.705342,-5.713124,-1.014755,-0.135526,0.963870,0.229317,0.266553,1.010953,-0.714806,-7.250635,32.101509,29.691166,,,,,,,
1530639450.494126,-2.739189,-1.266833,2.475590,-1.026030,-4.581014,-0.063004,-0.117216,0.954158,0.275395,0.262556,1.209920,-0.967107,-4.635302,30.468910,31.488945,,,,,,,
1530639450.514095,-2.817977,-1.271176,2.437573,0.476044,-0.701631,0.951344,-0.093859,0.955449,0.279836,0.415652,0.731151,-0.651647,-2.869173,30.158112,31.991489,,,,,,,
1530639450.534064,-2.864946,-1.288019,2.367316,0.254092,1.631268,1.234588,-0.076210,0.960284,0.268415,0.312996,0.061658,-0.328565,-2.245533,30.407516,31.779579,,,,,,,
1530639450.554031,-2.948034,-1.250527,2.256684,-3.196959,0.712328,0.988704,-0.060557,0.949151,0.308943,0.274531,-0.507256,0.708452,-2.085363,28.551506,33.006901,,,,,,,
1530639450.574000,-3.004806,-1.184889,2.187581,-3.271964,0.284631,0.423373,-0.051326,0.926457,0.372884,0.077525,-0.449452,-0.517735,-2.077953,26.654541,34.486847,,,,,,,
1530639450.593969,-3.017867,-1.134742,2.160282,-2.078254,0.806337,0.112253,-0.052124,0.906425,0.419138,0.161163,-0.474937,-0.827433,-2.407047,25.227562,35.571339,,,,,,,
1530639450.613938,-3.004828,-1.109909,2.149304,-0.788978,1.213729,0.044385,-0.060635,0.895658,0.440590,0.214414,-0.538008,-0.883613,-3.106874,24.486588,36.023418,,,,,,,
1530639450.633907,-2.984501,-1.108013,2.148821,0.302660,0.759354,-0.070830,-0.069844,0.894813,0.440943,0.176091,-0.523857,-0.907847,-3.691828,24.475540,35.634148,,,,,,,
1530639450.653876,-2.971706,-1.123947,2.159268,1.070918,-0.296985,-0.122944,-0.073060,0.901813,0.425906,0.199372,-0.526874,-0.891467,-3.668709,24.988525,35.336666,,,,,,,
1530639450.673844,-2.985957,-1.143114,2.169136,0.851076,-1.674304,-0.006448,-0.064292,0.909930,0.409750,0.229788,-0.514193,-0.619650,-2.823181,25.198990,34.922054,,,,,,,
1530639450.693813,-3.021112,-1.160014,2.168452,0.911449,-1.601620,0.175529,-0.047995,0.916809,0.396432,0.228415,-0.550109,-0.629907,-1.774595,25.850327,34.882633,,,,,,,
1530639450.713782,-3.047367,-1.184713,2.162665,1.444462,-0.787606,0.248190,-0.035429,0.926391,0.374891,0.159361,-0.658065,-0.719114,-1.093029,26.723137,34.186577,,,,,,,
1530639450.733751,-3.062571,-1.223236,2.157894,2.179034,-0.628424,0.181805,-0.026887,0.940206,0.339541,0.116242,-0.694418,-0.864276,-0.581768,27.781258,33.184685,,,,,,,
1530639450.753720,-3.078266,-1.271469,2.174029,2.521782,-2.344209,-0.270161,-0.018661,0.955535,0.294287,-0.052323,-0.517058,-0.893209,0.312481,29.253044,31.881874,,,,,,,
1530639450.773689,-3.097346,-1.321539,2.218963,2.452302,-3.364146,-0.597895,-0.010911,0.969096,0.246442,-0.009734,-0.188105,-0.609525,1.553299,30.489983,30.593681,,,,,,,
1530639450.793657,-3.045737,-1.307506,2.318294,-5.145310,-0.217143,-1.955547,-0.024909,0.965539,0.259065,-0.496941,0.552436,2.019622,1.454384,29.294296,31.932407,,,,,,,
1530639450.813626,-2.928103,-1.178169,2.376396,-3.226377,3.915193,-1.142877,-0.081066,0.923907,0.373931,-0.089436,2.528852,4.018647,-1.070885,26.667664,34.001324,,,,,,,
1530639450.833595,-2.914832,-1.175136,2.380415,1.026049,-1.416808,0.263640,-0.086650,0.922742,0.375551,0.525341,1.270236,0.001295,-0.993660,26.418320,34.158600,,,,,,,
1530639450.853564,-2.980500,-1.204792,2.367802,1.202641,-2.501207,0.625383,-0.057404,0.933765,0.353254,0.433411,0.254696,0.389117,0.653629,27.052521,33.531380,,,,,,,
1530639450.873533,-3.009537,-1.226978,2.341038,1.310479,1.099101,0.557470,-0.044385,0.941474,0.334149,0.294141,0.255806,0.521564,0.698185,27.611267,32.937340,,,,,,,
1530639450.893501,-2.970002,-1.264731,2.341423,1.885207,1.800322,0.017615,-0.051448,0.953527,0.296884,0.015178,0.474086,-1.410119,-0.413605,28.651299,32.162308,,,,,,,
1530639450.913470,-2.917117,-1.283836,2.380921,0.485144,0.394312,-0.449861,-0.063003,0.959109,0.275937,-0.058915,0.075285,-0.800397,-0.882969,28.687073,31.573154,,,,,,,
1530639450.933439,-2.883145,-1.281040,2.399698,-0.237538,1.196427,-0.193462,-0.073024,0.958314,0.276229,0.154247,-0.527360,-0.434966,-1.664621,28.896019,31.889168,,,,,,,
1530639450.953408,-2.847765,-1.275556,2.401504,-0.211553,1.919626,-0.054359,-0.084270,0.956732,0.278499,0.130458,-0.773733,-0.430263,-2.749641,28.520790,31.595551,,,,,,,
1530639450.973377,-2.812636,-1.276171,2.392682,0.108545,2.246092,0.292165,-0.093809,0.956911,0.274811,0.192763,-0.708315,-0.486466,-3.792641,28.438515,31.555359,,,,,,,
1530639450.993345,-2.808859,-1.284973,2.350017,0.260265,2.077898,0.981071,-0.092092,0.959430,0.266484,0.280553,-0.175052,-0.561726,-4.456152,28.441231,31.381165,,,,,,,
1530639451.013314,-2.860965,-1.299042,2.263118,0.344218,1.136975,1.511662,-0.074342,0.963302,0.257922,0.241532,0.439363,-0.730273,-4.699461,28.602005,31.193047,,,,,,,
1530639451.033283,-2.951170,-1.315255,2.159360,0.583567,0.079166,1.377819,-0.047843,0.967527,0.248200,0.136969,0.736056,-0.750245,-4.309742,29.181313,30.917381,,,,,,,
1530639451.053252,-3.025573,-1.335727,2.090471,1.093405,-0.673810,0.730270,-0.026962,0.972498,0.231346,0.022857,0.549429,-0.650184,-3.422680,29.593155,30.829945,,,,,,,
1530639451.073221,-3.072492,-1.365276,2.060740,1.638870,-1.073076,0.334258,-0.014091,0.978955,0.203589,0.011237,0.203922,-0.493155,-2.799383,30.354965,30.058388,,,,,,,
1530639451.093190,-3.115673,-1.403367,2.041513,2.027644,-1.349681,0.246811,-0.004319,0.986016,0.166593,0.006791,-0.030969,-0.362623,-2.124708,31.343277,28.862972,,,,,,,
1530639451.113158,3.099178,-1.446868,2.000824,2.255930,-1.502396,0.290015,0.005241,0.992331,0.123501,-0.015022,-0.201803,-0.238338,-1.104445,32.354774,27.653061,,,,,,,
1530639451.133127,2.951821,-1.492919,1.883733,2.407689,-1.630775,0.329843,0.014675,0.996969,0.076401,-0.062908,-0.329580,-0.151901,-0.229713,33.501801,26.389179,,,,,,,
1530639451.153096,2.410987,-1.536136,1.374900,2.572317,-1.679417,0.332162,0.023120,0.999399,0.025803,-0.118518,-0.364603,-0.080292,0.742294,34.587807,24.807758,,,,,,,
1530639451.173065,0.699361,-1.521233,-0.317437,3.734492,-0.335455,0.524700,0.031889,0.998772,-0.037909,-0.177168,-0.257439,0.072500,1.416771,35.722015,22.747055,,,,,,,
1530639451.193034,0.352421,-1.446658,-0.711300,3.745006,3.757059,0.162526,0.042739,0.992305,-0.116209,-0.350600,0.094335,1.046797,0.851707,36.991936,20.162552,,,,,,,
1530639451.213003,0.340343,-1.396526,-0.833295,1.974316,6.102971,-0.085535,0.057879,0.984853,-0.163444,-0.227832,0.106760,0.999428,-0.887913,37.949875,18.400993,,,,,,,
1530639451.232971,0.416214,-1.380434,-0.883080,0.380984,5.929581,-0.158897,0.076499,0.981936,-0.173060,-0.136817,0.042936,0.503443,-2.588511,38.178879,17.583534,,,,,,,
1530639451.252940,0.500603,-1.382596,-0.897348,-0.123327,4.177613,-0.127459,0.089795,0.982342,-0.164134,-0.141019,0.020190,-0.005361,-4.158478,38.473755,17.560493,,,,,,,
1530639451.272909,0.499232,-1.359600,-0.936103,1.888692,0.304294,0.528059,0.100360,0.977781,-0.184045,-0.053058,0.025683,-0.346931,-4.484812,38.583382,16.374496,,,,,,,
1530639451.292878,0.471318,-1.319704,-0.943101,1.566395,-1.720192,1.008144,0.112817,0.968642,-0.221372,-0.156991,0.089723,0.058118,-3.623753,39.058876,15.303574,,,,,,,
1530639451.312847,0.451638,-1.289584,-0.915522,0.966220,-2.579493,0.942452,0.121121,0.960720,-0.249694,-0.295361,0.054142,0.225524,-2.263649,39.245209,14.681084,,,,,,,
1530639451.332815,0.447559,-1.281362,-0.884299,-0.303405,-1.026197,0.351961,0.123516,0.958405,-0.257299,-0.633877,0.028258,1.212057,-1.490622,39.653572,14.604645,,,,,,,
1530639451.352784,0.465538,-1.290878,-0.858442,-0.652446,-0.211542,0.054390,0.124022,0.961078,-0.246876,-0.487410,0.129651,0.401112,-1.030666,39.509457,14.889442,,,,,,,
1530639451.372753,0.485924,-1.302873,-0.833296,-0.732004,-0.273227,0.038764,0.123635,0.964323,-0.234085,-0.409448,0.150286,0.156540,-0.957855,39.308105,15.571556,,,,,,,
1530639451.392722,0.508957,-1.315782,-0.802020,-0.766813,-0.466606,0.068400,0.122918,0.967660,-0.220286,-0.418740,0.158942,0.118587,-0.630543,38.772118,16.101151,,,,,,,
1530639451.412691,0.526529,-1.327868,-0.772947,-0.681920,-0.640235,-0.049819,0.120883,0.970638,-0.207966,-0.468341,0.156453,0.097736,-0.421188,38.389687,16.577957,,,,,,,
1530639451.432659,0.510895,-1.341966,-0.774176,-0.526638,-0.787918,-0.570962,0.110915,0.973932,-0.197873,-0.574400,0.341360,0.084302,-0.524513,38.415771,17.131226,,,,,,,
1530639451.452628,0.443466,-1.357012,-0.834389,-0.417354,0.104601,-1.135125,0.091032,0.977235,-0.191638,-0.610045,0.418029,0.186709,-0.926010,38.342705,17.433868,,,,,,,
1530639451.472597,0.430224,-1.408248,-0.910154,-3.103603,4.176498,-2.059665,0.067497,0.986818,-0.147086,-0.759895,0.759520,1.978568,-2.924530,37.979431,18.482155,,,,,,,
1530639451.492566,0.354515,-1.494523,-1.063866,-3.426852,2.846860,-2.766909,0.026451,0.997093,-0.071460,-0.188973,0.844598,0.823139,-5.440203,36.398445,20.652496,,,,,,,
1530639451.512535,-1.249407,-1.538803,-2.664929,-2.996965,-1.989535,-2.767853,-0.030350,0.999488,-0.010105,0.165223,0.478692,-0.216595,-7.240868,34.849487,22.630219,,,,,,,
1530639451.532504,-2.197900,-1.476868,2.743546,-3.105341,-4.491959,-2.146756,-0.075945,0.995592,0.055036,0.209795,0.372069,-0.555113,-7.395943,33.379196,25.140743,,,,,,,
1530639451.552472,-2.464026,-1.405884,2.575931,-3.285658,-5.234065,-1.619932,-0.102914,0.986433,0.127900,0.168649,0.568270,-0.498826,-6.106869,31.523293,27.590832,,,,,,,
1530639451.572441,-2.648876,-1.339500,2.488674,-3.147841,-4.722137,-0.786318,-0.108435,0.973370,0.201971,0.325873,0.770038,-0.493918,-4.116228,29.583511,29.669727,,,,,,,
1530639451.592410,-2.791666,-1.288271,2.417101,-2.293630,-2.799053,0.121967,-0.095574,0.960355,0.261887,0.353311,0.921069,-0.548249,-2.246307,28.392395,31.205704,,,,,,,
1530639451.612379,-2.867529,-1.268240,2.348712,-0.615133,0.704662,0.857595,-0.080642,0.954578,0.286841,0.458709,0.755734,-0.705527,-1.479389,27.419647,31.886993,,,,,,,
1530639451.632348,-2.883628,-1.272464,2.291697,0.187378,2.286825,0.783327,-0.074984,0.955828,0.284201,0.363757,0.296049,-0.632208,-1.919979,27.435402,31.917351,,,,,,,
1530639451.652316,-2.947378,-1.247110,2.222901,-2.605962,-1.328173,0.708325,-0.061385,0.948069,0.312084,0.572677,-0.404582,0.468205,-1.755871,26.561470,32.372890,,,,,,,
1530639451.672285,-3.038946,-1.185389,2.159675,-3.275749,-1.438316,0.544529,-0.038521,0.926645,0.373958,0.270485,-0.514582,-0.204357,-0.583332,24.709091,33.941170,,,,,,,
1530639451.692254,-3.077453,-1.130984,2.127893,-2.356455,0.052278,0.297088,-0.027290,0.904831,0.424894,0.134452,-0.500062,-0.598112,0.030159,22.982697,34.662613,,,,,,,
1530639451.712223,-3.073909,-1.099793,2.119675,-1.102445,0.630721,-0.080194,-0.030690,0.891114,0.452741,0.036840,-0.472901,-0.815580,-0.126446,21.826530,35.403942,,,,,,,
1530639451.732192,-3.056484,-1.091126,2.131579,-0.027601,0.043415,-0.447161,-0.039229,0.887147,0.459816,-0.025667,-0.427980,-0.922096,-0.518719,21.516563,35.732750,,,,,,,
1530639451.752160,-3.044104,-1.100221,2.156439,0.775803,-0.877775,-0.569106,-0.044131,0.891307,0.451246,0.030566,-0.455349,-0.881208,-0.483585,21.721512,35.391983,,,,,,,
1530639451.772129,-3.043733,-1.117206,2.185128,0.895419,-1.448579,-0.563429,-0.042813,0.898880,0.436099,0.009458,-0.466629,-0.622714,0.004154,22.036949,34.845184,,,,,,,
1530639451.792098,-3.045253,-1.132368,2.209522,0.793085,-0.901215,-0.373115,-0.040835,0.905420,0.422548,0.032213,-0.516138,-0.490907,0.589676,22.525490,34.576683,,,,,,,
1530639451.812067,-3.037386,-1.152374,2.221170,1.224202,0.227781,-0.029295,-0.042265,0.913731,0.404115,0.074903,-0.575596,-0.642076,0.726681,23.014870,34.108631,,,,,,,
1530639451.832036,-3.025099,-1.186002,2.224610,1.957758,0.380796,0.157752,-0.043629,0.926876,0.372824,0.079274,-0.581676,-0.848670,0.394230,24.182037,33.426117,,,,,,,
1530639451.852005,-3.018436,-1.233406,2.232102,2.601217,-0.427087,0.100618,-0.040665,0.943622,0.328518,0.069901,-0.515735,-0.862515,0.316238,25.581673,32.580181,,,,,,,
1530639451.871973,-3.024295,-1.289333,2.252617,2.862442,-1.775409,-0.007893,-0.032506,0.960650,0.275852,0.082357,-0.316363,-0.739994,0.776894,26.775696,31.205875,,,,,,,
1530639451.891942,-3.043419,-1.335684,2.276395,1.627509,-2.356751,-0.170089,-0.022833,0.972488,0.231830,0.103461,0.010864,0.001736,1.760559,28.325943,29.857105,,,,,,,
1530639451.911911,-3.032944,-1.261262,2.307045,-5.294499,0.804790,-0.788537,-0.033031,0.952475,0.302819,-0.445027,1.587976,6.341300,1.547356,26.193542,31.801434,,,,,,,
1530639451.931880,-2.979702,-1.216625,2.299247,-0.919323,2.495591,0.179219,-0.055901,0.937934,0.342279,0.632561,1.880364,1.374442,0.341019,25.401596,32.478947,,,,,,,
1530639451.951849,-3.026044,-1.213184,2.257630,-0.169560,-2.075716,0.939738,-0.040357,0.936735,0.347704,0.788663,0.554338,-0.069399,1.363110,25.153336,32.200935,,,,,,,
1530639451.971817,-3.137593,-1.213016,2.209789,0.352668,-3.501934,0.589713,-0.001401,0.936677,0.350191,0.527890,0.124252,0.752485,3.269077,25.188797,31.709507,,,,,,,
1530639451.991786,3.113948,-1.255812,2.196018,3.057555,1.152882,0.040823,0.008563,0.950801,0.309682,0.101651,0.440342,-0.916250,3.079048,26.577362,30.606075,,,,,,,
1530639452.011755,-3.112367,-1.311277,2.217144,2.148738,1.675986,-0.532602,-0.007499,0.966513,0.256506,-0.276544,0.518823,-1.032873,2.014500,27.904015,29.722103,,,,,,,
1530639452.031724,-3.038629,-1.321062,2.255634,-0.409399,2.232022,-0.362433,-0.025402,0.968978,0.245838,-0.070881,-0.117400,-0.176166,0.686317,28.127510,29.770741,,,,,,,
1530639452.051693,-2.974031,-1.304900,2.268373,-0.850690,2.731603,-0.270116,-0.043825,0.964857,0.259094,0.023501,-0.590025,-0.516998,-0.731144,27.641388,29.937546,,,,,,,
1530639452.071662,-2.911140,-1.289118,2.278605,-0.643090,2.574725,-0.262306,-0.063493,0.960590,0.270619,0.020707,-0.769840,-0.515690,-2.346222,27.287575,30.143414,,,,,,,
1530639452.091630,-2.868419,-1.281658,2.274790,-0.193285,2.093766,0.144736,-0.076924,0.958490,0.274554,0.107273,-0.580316,-0.569796,-3.553719,27.121368,30.181561,,,,,,,
1530639452.111599,-2.873508,-1.287678,2.240905,0.350081,0.882484,0.798548,-0.073996,0.960189,0.269373,0.124426,0.015687,-0.772623,-3.950668,27.179420,30.186691,,,,,,,
1530639452.131568,-2.940362,-1.303741,2.165705,0.646638,-0.001329,1.361666,-0.052745,0.964552,0.258567,0.136486,0.560640,-0.706488,-3.401918,27.464325,29.794548,,,,,,,
1530639452.151537,-3.033231,-1.324680,2.076188,1.017991,-0.567073,1.102600,-0.026350,0.969866,0.242211,0.007719,0.647230,-0.646523,-2.584604,27.909256,29.363266,,,,,,,
1530639452.171506,-3.098041,-1.352777,2.027266,1.572211,-1.070247,0.407248,-0.009417,0.976328,0.216091,-0.062940,0.415045,-0.570217,-1.855839,28.775566,28.720066,,,,,,,
1530639452.191474,-3.133007,-1.390452,2.017050,2.044050,-1.393490,0.036110,-0.001540,0.983782,0.179362,-0.044755,0.131300,-0.432902,-1.248144,29.629822,27.775906,,,,,,,
1530639452.211443,3.120627,-1.434761,2.016627,2.303593,-1.542184,-0.024536,0.002843,0.990761,0.135587,-0.026952,-0.091759,-0.275952,-0.586739,30.758728,26.588120,,,,,,,
1530639452.231412,3.066303,-1.482491,1.992828,2.437275,-1.589066,0.043919,0.006634,0.996104,0.087942,-0.026058,-0.256876,-0.173879,0.057648,31.900337,25.159595,,,,,,,
1530639452.251381,2.874512,-1.531360,1.831567,2.525833,-1.563088,0.114283,0.010405,0.999223,0.038026,-0.052504,-0.347901,-0.090532,0.758545,32.901726,23.579086,,,,,,,
1530639452.271350,0.757322,-1.551518,-0.258469,2.618088,-1.271657,0.110390,0.013242,0.999814,-0.014008,-0.092390,-0.313993,-0.001190,1.320446,33.736382,21.647179,,,,,,,
1530639452.291318,0.200577,-1.495128,-0.822095,3.363820,2.191794,0.008051,0.015061,0.997139,-0.074081,-0.177400,-0.120491,0.420470,1.113159,34.644897,19.785065,,,,,,,
1530639452.311287,0.170760,-1.435835,-0.948106,2.644105,5.788709,-0.168607,0.022865,0.990907,-0.132595,-0.232826,-0.001450,0.865154,-0.500759,35.725464,18.093613,,,,,,,
1530639452.331256,0.230762,-1.399116,-1.016641,1.495487,6.350794,-0.141787,0.039074,0.985299,-0.166310,-0.112347,0.012534,0.442525,-2.322041,36.424126,16.912895,,,,,,,
1530639452.351225,0.301202,-1.381189,-1.060293,0.696588,5.117926,-0.133826,0.055914,0.982078,-0.179989,-0.105872,0.007469,0.064938,-3.856441,36.677269,16.113693,,,,,,,
1530639452.371194,0.369756,-1.373542,-1.076882,0.309246,3.650579,0.078939,0.070824,0.980608,-0.182733,-0.087792,-0.080157,0.013788,-4.819679,36.752304,15.411003,,,,,,,
1530639452.391163,0.379136,-1.345643,-1.103120,2.116807,0.384186,0.458065,0.082631,0.974760,-0.207401,-0.005772,0.052386,-0.225933,-5.036070,36.996330,14.001648,,,,,,,
1530639452.411131,0.361385,-1.302120,-1.103748,1.768252,-1.482440,0.939192,0.093857,0.964123,-0.248309,-0.084885,0.080707,0.179279,-4.399927,37.474007,12.728424,,,,,,,
1530639452.431100,0.352649,-1.279870,-1.071917,0.278438,-2.083832,0.655583,0.099070,0.957978,-0.269188,-0.378230,0.084914,0.853066,-3.551851,37.727936,12.380867,,,,,,,
1530639452.451069,0.353504,-1.282603,-1.038034,-0.437437,-1.302014,0.334806,0.098393,0.958759,-0.266646,-0.428090,0.170285,0.800978,-2.961540,37.930550,13.063812,,,,,,,
1530639452.471038,0.364151,-1.287636,-1.006095,-0.397826,-0.962163,0.355434,0.099507,0.960177,-0.261071,-0.288274,0.203901,0.233148,-2.332319,37.550766,13.281563,,,,,,,
1530639452.491007,0.378668,-1.294283,-0.971659,-0.535899,-0.971757,0.312640,0.100924,0.962013,-0.253663,-0.331836,0.196312,0.175919,-1.923450,37.407715,13.119637,,,,,,,
1530639452.510975,0.394056,-1.300811,-0.938876,-0.388953,-0.702291,0.289724,0.102402,0.963775,-0.246276,-0.374635,0.147080,0.180739,-1.719402,37.560120,13.699265,,,,,,,
1530639452.530944,0.405432,-1.305412,-0.916873,-0.368285,-0.507558,0.065034,0.103447,0.964992,-0.241017,-0.456490,0.189473,0.186055,-1.494032,37.228943,14.132919,,,,,,,
1530639452.550913,0.393247,-1.316818,-0.923800,-0.574324,0.168934,-0.533478,0.096279,0.967920,-0.232078,-0.580791,0.413290,0.242423,-1.705360,37.070923,14.725204,,,,,,,
1530639452.570882,0.405923,-1.351983,-0.970458,-2.112879,4.261611,-1.643805,0.085714,0.976156,-0.199431,-0.869070,0.558268,1.472869,-3.287802,36.905907,15.495728,,,,,,,
1530639452.590851,0.411807,-1.426625,-1.066332,-3.457566,5.022130,-2.526366,0.057507,0.989625,-0.131661,-0.609524,0.728667,0.805657,-5.766811,36.002007,16.958328,,,,,,,
1530639452.610819,0.200385,-1.500822,-1.347737,-2.833414,1.717291,-2.597493,0.013917,0.997553,-0.068518,-0.131470,0.714941,0.424887,-8.262104,34.746475,18.937965,,,,,,,
1530639452.630788,-1.378640,-1.532722,-2.901000,-3.145304,-2.948933,-2.427925,-0.037364,0.999275,-0.007269,0.152019,0.390846,-0.173425,-9.626158,33.436195,20.812782,,,,,,,
1530639452.650757,-2.236971,-1.471667,2.609475,-3.187304,-4.974357,-1.985348,-0.077808,0.995091,0.061160,0.134113,0.300945,-0.533878,-9.141352,31.800514,23.536705,,,,,,,
1530639452.670726,-2.501380,-1.401834,2.451076,-3.253308,-5.536520,-1.464271,-0.100453,0.985760,0.134859,0.153096,0.434864,-0.491793,-7.690985,29.831154,26.265690,,,,,,,
1530639452.690695,-2.687651,-1.338407,2.367230,-3.021290,-4.973989,-0.609842,-0.100991,0.973119,0.206980,0.293160,0.664454,-0.504572,-5.900436,28.191170,28.538082,,,,,,,
1530639452.710664,-2.836958,-1.288970,2.298653,-2.274927,-3.533436,0.161367,-0.083417,0.960549,0.265304,0.261060,0.869117,-0.552520,-3.868032,26.967926,30.040344,,,,,,,
1530639452.730632,-2.926016,-1.265877,2.240727,-0.721276,-0.563438,0.659555,-0.064219,0.953871,0.293268,0.263926,0.754122,-0.714624,-2.517681,25.790871,30.954536,,,,,,,
1530639452.750601,-2.960520,-1.265755,2.190819,0.006660,1.109397,0.726731,-0.054085,0.953835,0.295422,0.262688,0.296944,-0.592922,-2.252201,25.798485,30.928333,,,,,,,
1530639452.770570,-3.010080,-1.237403,2.122377,-2.623341,0.398360,0.867829,-0.042914,0.944937,0.324426,0.471854,-0.342154,0.722236,-2.360662,24.805511,31.704014,,,,,,,
1530639452.790539,-3.058257,-1.175611,2.062537,-3.213499,0.492176,0.579062,-0.032045,0.922925,0.383643,0.182238,-0.387952,-0.219138,-2.312290,23.099945,32.843964,,,,,,,
1530639452.810508,-3.062499,-1.123691,2.037694,-2.195761,1.066897,0.112603,-0.034161,0.901702,0.431005,0.076611,-0.382385,-0.740210,-2.612780,21.453430,33.729774,,,,,,,
1530639452.830476,-3.042523,-1.095859,2.037755,-0.901613,0.757870,-0.278015,-0.045229,0.889321,0.455040,0.063936,-0.407571,-0.946602,-3.146746,20.438599,34.359127,,,,,,,
1530639452.850445,-3.023255,-1.092155,2.055413,0.287520,-0.231165,-0.504698,-0.054376,0.887621,0.457353,0.056360,-0.419299,-1.010637,-3.384975,20.300926,34.428883,,,,,,,
1530639452.870414,-3.017721,-1.106152,2.080539,0.937645,-1.260445,-0.473449,-0.055366,0.893981,0.444671,0.116782,-0.465911,-0.877136,-3.065666,20.490257,34.243614,,,,,,,
1530639452.890383,-3.029806,-1.120886,2.102339,0.651565,-1.665168,-0.360189,-0.048513,0.900486,0.432170,0.086828,-0.467365,-0.483317,-2.325529,20.798035,33.957836,,,,,,,
1530639452.910352,-3.041701,-1.131512,2.116329,0.588222,-0.944311,-0.197496,-0.042413,0.905056,0.423172,0.082436,-0.491879,-0.487640,-1.664471,20.951874,33.625542,,,,,,,
1530639452.930321,-3.043319,-1.149149,2.123763,1.136170,-0.210474,-0.025075,-0.040155,0.912416,0.407289,0.091867,-0.556612,-0.739473,-1.363785,21.589798,33.590973,,,,,,,
1530639452.950289,-3.039976,-1.181080,2.131105,1.882641,-0.347776,-0.000266,-0.038541,0.925017,0.377966,0.061215,-0.599272,-0.893912,-1.257671,22.449432,32.962231,,,,,,,
1530639452.970258,-3.044159,-1.226142,2.147211,2.474551,-1.488332,-0.157678,-0.032868,0.941192,0.336269,0.045716,-0.546814,-0.956157,-0.676807,23.744019,32.347927,,,,,,,
1530639452.990227,-3.055738,-1.277815,2.184459,2.659465,-2.750516,-0.426742,-0.024765,0.957387,0.287744,-0.018814,-0.300847,-0.790079,0.443188,25.036652,31.404930,,,,,,,
1530639453.010196,-3.058796,-1.324869,2.231920,1.968810,-2.119496,-0.492907,-0.020134,0.969912,0.242621,0.074273,0.103162,-0.167823,1.403343,26.401062,30.021160,,,,,,,
1530639453.030165,-2.957441,-1.277252,2.288095,-4.478956,6.452220,-1.275827,-0.052983,0.957224,0.284455,-0.348155,1.628774,5.475418,0.485611,25.808548,30.941929,,,,,,,
1530639453.050133,-2.848415,-1.220282,2.288805,-1.805402,2.677449,-0.215975,-0.099236,0.939196,0.328729,1.008614,2.167188,1.583869,-2.925430,24.517120,32.271629,,,,,,,
1530639453.070102,-2.889558,-1.211556,2.279246,0.154796,-3.510178,0.035266,-0.087671,0.936164,0.340457,0.594950,0.601189,-0.121341,-2.594067,23.862000,32.958385,,,,,,,
1530639453.090071,-2.955427,-1.224131,2.291477,0.831445,-3.053291,-0.136918,-0.062888,0.940511,0.333893,0.051093,-0.543614,0.536697,-0.391365,23.905243,32.696896,,,,,,,
1530639453.110040,-2.915304,-1.265263,2.330790,3.108778,1.961610,-0.216828,-0.067489,0.953687,0.293133,-0.352204,-0.413754,-0.066861,0.072788,24.695908,31.792732,,,,,,,
1530639453.130009,-2.797134,-1.332256,2.403096,3.292131,2.185084,0.183503,-0.079790,0.971684,0.222405,-0.086409,0.422435,-1.219429,-1.167507,26.230576,30.297817,,,,,,,
1530639453.149978,-2.723437,-1.369683,2.442484,0.863600,1.702642,0.303058,-0.081118,0.979845,0.182549,-0.141600,0.693083,-0.655220,-1.914740,27.557007,29.201965,,,,,,,
1530639453.169946,-2.724911,-1.361742,2.397280,-1.124174,2.468851,0.224417,-0.083995,0.978228,0.189777,0.130870,0.225141,-0.242389,-2.742245,27.528976,29.250420,,,,,,,
1530639453.189915,-2.730598,-1.338008,2.333256,-1.361421,2.965352,0.113938,-0.092166,0.973027,0.211480,0.143680,-0.373418,-0.308022,-3.935959,26.893661,29.673492,,,,,,,
1530639453.209884,-2.708377,-1.319576,2.298838,-0.751738,2.564496,-0.055197,-0.104354,0.968610,0.225622,0.070663,-0.631391,-0.506933,-5.461845,26.305420,29.975563,,,,,,,
1530639453.229853,-2.673887,-1.313650,2.290146,-0.056970,1.850594,0.023472,-0.114658,0.967120,0.227009,0.121098,-0.731158,-0.510716,-6.574024,25.881355,29.845943,,,,,,,
1530639453.249822,-2.657629,-1.320638,2.273582,0.330819,1.431580,0.574911,-0.115186,0.968873,0.219127,0.262815,-0.232362,-0.380672,-7.340233,26.311745,29.836262,,,,,,,
1530639453.269791,-2.690664,-1.336323,2.216237,0.428947,0.883285,1.157937,-0.101250,0.972637,0.209107,0.285790,0.348179,-0.357713,-7.443810,26.369720,29.116829,,,,,,,
1530639453.289759,-2.750490,-1.359548,2.145626,1.135591,0.050213,1.068729,-0.079932,0.977770,0.193847,0.190116,0.513716,-0.400024,-6.778337,27.060562,28.826290,,,,,,,
1530639453.309728,-2.746457,-1.407463,2.160355,2.877393,-0.780206,0.706415,-0.062594,0.986691,0.150079,0.081392,0.343738,-0.401467,-6.111994,28.524948,27.519302,,,,,,,
1530639453.329697,-2.652406,-1.473163,2.276415,3.337818,-1.310275,0.711893,-0.045806,0.995238,0.086047,0.060577,0.238908,-0.234560,-5.122355,30.232140,25.977928,,,,,,,
1530639453.349666,-2.302076,-1.528621,2.662071,2.705586,-2.021229,0.586856,-0.031380,0.999111,0.028155,0.000481,0.084034,-0.126040,-3.842728,31.210953,24.790615,,,,,,,
1530639453.369635,-0.885834,-1.545359,-2.158526,2.039865,-2.444838,0.575740,-0.019696,0.999676,-0.016090,-0.018680,-0.180768,-0.049065,-2.675718,31.986694,23.674374,,,,,,,
1530639453.389603,-0.208666,-1.522828,-1.439119,1.184550,-1.615040,0.506895,-0.009933,0.998850,-0.046909,-0.104325,-0.354151,0.299076,-1.656076,32.528687,23.009026,,,,,,,
1530639453.409572,-0.058744,-1.512085,-1.281384,0.332600,0.229402,0.257401,-0.003445,0.998277,-0.058577,-0.251377,-0.349519,0.553053,-1.455090,32.972130,22.346222,,,,,,,
1530639453.429541,0.023860,-1.506353,-1.218429,0.394802,1.354748,0.188823,0.001536,0.997924,-0.064380,-0.172404,-0.185577,0.195911,-1.595505,33.223633,22.211891,,,,,,,
1530639453.449510,0.127028,-1.487345,-1.155534,1.236181,2.294794,0.379595,0.010560,0.996520,-0.082684,-0.153077,-0.023497,0.079190,-2.288424,33.462845,21.457611,,,,,,,
1530639453.469479,0.198999,-1.460033,-1.130291,1.273655,2.217043,0.287151,0.021852,0.993872,-0.108356,-0.185838,0.088770,0.038273,-2.766237,33.824440,20.357376,,,,,,,
1530639453.489448,0.235007,-1.438202,-1.133086,0.954564,1.711002,0.207219,0.030784,0.991222,-0.128573,-0.165596,0.004658,0.037356,-3.172897,34.159882,19.554459,,,,,,,
1530639453.509416,0.265254,-1.420948,-1.130611,0.777037,1.158749,0.258219,0.039136,0.988794,-0.144065,-0.135083,-0.128457,0.040733,-3.284033,34.459053,19.204620,,,,,,,
1530639453.529385,0.289436,-1.402660,-1.123571,1.001974,0.655860,0.335366,0.047762,0.985898,-0.160383,-0.118334,-0.153013,0.040632,-3.423325,34.793053,18.265656,,,,,,,
1530639453.549354,0.293793,-1.372392,-1.128048,1.717293,0.268410,0.457448,0.057078,0.980382,-0.188658,-0.121333,-0.003286,0.050902,-3.248304,35.271202,17.295319,,,,,,,
1530639453.569323,0.295000,-1.333191,-1.128394,1.903679,-0.079464,0.628502,0.068433,0.971904,-0.225207,-0.152860,0.052678,0.145099,-2.914980,35.671471,15.685188,,,,,,,
1530639453.589292,0.296570,-1.294721,-1.122377,1.738046,-0.295768,0.627069,0.079660,0.962133,-0.260682,-0.215341,0.068919,0.233964,-2.516212,35.997925,14.453804,,,,,,,
1530639453.609261,0.330028,-1.274789,-1.106939,0.166452,1.756260,0.404586,0.094532,0.956509,-0.275961,-0.389515,0.087269,1.408804,-2.208904,36.038498,13.843460,,,,,,,
1530639453.629229,0.390104,-1.283629,-1.083509,-0.796331,1.590221,0.036572,0.107711,0.959050,-0.261957,-0.407134,0.204356,0.365091,-2.654833,35.920494,13.948410,,,,,,,
1530639453.649198,0.429535,-1.301477,-1.061518,-0.919805,0.492794,-0.097907,0.110807,0.963952,-0.241905,-0.361875,0.226355,0.075309,-2.847973,35.937706,14.338387,,,,,,,
1530639453.669167,0.439420,-1.310447,-1.051253,-0.210236,-0.330313,-0.031793,0.109509,0.966300,-0.232963,-0.337811,0.145684,0.034522,-2.969433,35.915482,14.955009,,,,,,,
1530639453.689136,0.422193,-1.313749,-1.051949,-0.139971,-1.096797,-0.141933,0.104172,0.967145,-0.231903,-0.416092,0.276752,0.082443,-2.845539,35.576218,14.495270,,,,,,,
1530639453.709105,0.412835,-1.331616,-1.065497,-1.457092,1.119607,-0.839805,0.095048,0.971533,-0.217003,-0.734224,0.441767,1.370659,-3.507996,35.314262,15.123016,,,,,,,
1530639453.729073,0.417866,-1.393209,-1.094490,-3.249408,1.599743,-1.862387,0.071689,0.984273,-0.161455,-0.783099,0.518184,0.886034,-4.941868,34.475845,16.511871,,,,,,,
1530639453.749042,0.337832,-1.465443,-1.195456,-2.713347,0.504245,-1.987708,0.034854,0.994456,-0.099214,-0.467089,0.636923,0.165040,-6.502224,34.002686,18.194305,,,,,,,
1530639453.769011,-0.207115,-1.523927,-1.727539,-2.911861,-1.539196,-2.284493,-0.009634,0.998902,-0.045849,-0.123239,0.540451,0.245067,-7.601627,32.613670,19.863243,,,,,,,
1530639453.788980,-1.923491,-1.512547,2.892783,-3.287810,-3.422022,-2.173084,-0.054628,0.998304,0.020108,0.060488,0.342883,-0.245602,-8.231083,31.121117,21.805931,,,,,,,
1530639453.808949,-2.359788,-1.440733,2.534377,-3.344811,-4.215958,-1.978936,-0.091378,0.991554,0.092037,0.040612,0.405480,-0.490002,-7.917614,29.764320,24.088451,,,,,,,
1530639453.828918,-2.547281,-1.369470,2.427351,-3.241564,-3.939381,-1.272269,-0.111970,0.979802,0.165681,0.247621,0.588725,-0.466050,-6.985001,28.029991,26.559048,,,,,,,
1530639453.848887,-2.691039,-1.311001,2.348984,-2.727199,-2.971305,-0.330453,-0.111863,0.966443,0.231246,0.318772,0.866138,-0.512222,-5.867628,26.417038,28.126141,,,,,,,
1530639453.868855,-2.787131,-1.276965,2.281043,-1.357962,-0.709526,0.424052,-0.100523,0.957141,0.271617,0.324263,0.974438,-0.657359,-5.053038,25.408722,29.335251,,,,,,,
1530639453.888824,-2.834834,-1.270559,2.231887,-0.184950,0.021952,0.588713,-0.089306,0.955266,0.281940,0.287137,0.618876,-0.757342,-4.693806,25.077965,29.560890,,,,,,,
1530639453.908793,-2.927901,-1.246939,2.163548,-2.260413,-2.014367,0.787609,-0.067486,0.948015,0.310987,0.543682,-0.122164,0.624910,-3.885136,24.526909,30.477711,,,,,,,
1530639453.928762,-3.027705,-1.194593,2.091269,-2.819983,-1.172501,0.715666,-0.041751,0.930066,0.365012,0.260547,-0.354901,-0.036506,-2.816917,22.886627,31.806568,,,,,,,
1530639453.948731,-3.059126,-1.150765,2.056070,-1.815325,0.741081,0.277381,-0.033591,0.913076,0.406403,0.038474,-0.399710,-0.588700,-2.721069,21.920853,32.584068,,,,,,,
1530639453.968699,-3.034551,-1.129591,2.051664,-0.622507,1.584002,-0.189647,-0.045623,0.904238,0.424586,0.034911,-0.411577,-0.792933,-3.494717,21.230202,32.997765,,,,,,,
1530639453.988668,-2.990773,-1.127755,2.070800,0.269909,1.013352,-0.562142,-0.064410,0.903452,0.423822,0.039569,-0.435999,-0.886942,-4.472912,21.205948,33.174526,,,,,,,
1530639454.008637,-2.947258,-1.137361,2.107519,0.733011,0.103750,-0.747269,-0.081106,0.907528,0.412085,0.064749,-0.450726,-0.770422,-5.129257,21.515564,32.901558,,,,,,,
1530639454.028606,-2.924956,-1.145389,2.146825,0.416044,-1.180452,-0.682134,-0.088707,0.910871,0.403046,0.103248,-0.436795,-0.581879,-5.156694,21.804680,33.013664,,,,,,,
1530639454.048575,-2.934457,-1.148559,2.170603,0.236745,-1.624689,-0.287623,-0.084279,0.912174,0.401043,0.178182,-0.475269,-0.613018,-4.416901,22.198433,33.016468,,,,,,,
1530639454.068544,-2.955160,-1.157191,2.172967,0.612221,-0.833370,0.200761,-0.074497,0.915678,0.394949,0.211475,-0.552076,-0.661734,-3.771130,22.368797,32.853474,,,,,,,
1530639454.088512,-2.969952,-1.178920,2.161586,1.293615,0.007964,0.466101,-0.065232,0.924194,0.376311,0.181382,-0.627380,-0.760375,-3.556696,22.801842,32.583424,,,,,,,
1530639454.108481,-2.977322,-1.213233,2.153626,1.863974,-0.182435,0.355556,-0.057235,0.936752,0.345281,0.106552,-0.621643,-0.822241,-3.238188,23.534264,31.935619,,,,,,,
1530639454.128450,-2.984347,-1.254906,2.162600,2.176033,-1.316371,0.052330,-0.048649,0.950520,0.306830,0.064411,-0.522862,-0.805197,-2.902897,24.940056,30.985165,,,,,,,
1530639454.148419,-2.995632,-1.297935,2.193111,2.141505,-2.304894,-0.190426,-0.039195,0.963004,0.266623,0.032634,-0.234564,-0.609030,-1.832932,26.061180,30.094650,,,,,,,
1530639454.168388,-2.988227,-1.322920,2.241881,0.253782,-1.525747,-0.707954,-0.037480,0.969436,0.242465,-0.112605,0.246171,0.255826,-0.816059,26.697563,29.702408,,,,,,,
1530639454.188357,-2.880786,-1.245847,2.278745,-3.406000,6.123208,-1.160511,-0.082324,0.947667,0.308463,-0.344815,1.918544,6.007592,-2.968237,25.529549,30.844559,,,,,,,
1530639454.208326,-2.818411,-1.221071,2.275356,-0.091108,0.804311,-0.008174,-0.108817,0.939467,0.324902,0.509055,1.788011,0.945194,-5.259573,25.019531,31.284164,,,,,,,
1530639454.228294,-2.842532,-1.235298,2.286160,0.931691,-2.705676,0.035171,-0.097002,0.944246,0.314627,0.269945,0.401671,0.046808,-4.492907,25.025360,31.116886,,,,,,,
1530639454.248263,-2.878795,-1.248858,2.298677,0.668776,-1.635457,-0.028047,-0.082197,0.948624,0.305543,0.082716,-0.496476,0.556106,-3.278885,25.435349,31.041000,,,,,,,
1530639454.268232,-2.834703,-1.284979,2.330169,2.636036,1.995704,0.143210,-0.085173,0.959431,0.268769,-0.026902,-0.134526,-0.597062,-3.497623,26.313400,30.322472,,,,,,,
1530639454.288201,-2.736547,-1.340107,2.387427,2.644511,1.792834,0.266169,-0.090102,0.973509,0.210148,0.018996,0.499163,-1.166798,-4.518890,27.919312,28.942352,,,,,,,
1530639454.308170,-2.652232,-1.367429,2.443376,0.657102,1.528796,-0.089235,-0.094938,0.979392,0.178265,-0.023089,0.591592,-0.626369,-5.339472,28.728874,27.730846,,,,,,,
1530639454.328139,-2.616938,-1.360176,2.440957,-0.705867,2.124603,-0.139775,-0.104724,0.977901,0.180946,0.221744,0.008091,-0.272727,-6.226801,28.854851,27.742405,,,,,,,
1530639454.348107,-2.601366,-1.346732,2.407159,-0.685483,2.538352,0.050742,-0.114280,0.975002,0.190551,0.243232,-0.452877,-0.317153,-7.311541,28.445633,27.707958,,,,,,,
1530639454.368076,-2.589642,-1.342693,2.370301,-0.194021,2.129791,0.362780,-0.118571,0.974097,0.192550,0.225916,-0.688773,-0.423385,-8.461105,28.055702,27.742161,,,,,,,
1530639454.388045,-2.594769,-1.350108,2.332339,0.250398,1.221215,0.668581,-0.113823,0.975747,0.186980,0.181618,-0.624978,-0.446441,-9.060041,28.492172,27.436077,,,,,,,
1530639454.408014,-2.631972,-1.365002,2.278180,0.386509,0.473935,0.970906,-0.099688,0.978899,0.178378,0.205767,-0.040300,-0.360842,-9.109982,28.854469,27.141106,,,,,,,
1530639454.427983,-2.709144,-1.381809,2.197875,0.405402,-0.199347,1.114137,-0.078733,0.982195,0.170570,0.177335,0.447126,-0.364143,-8.675873,29.219643,26.962242,,,,,,,
1530639454.447952,-2.800674,-1.398825,2.115669,0.616155,-0.762961,0.874052,-0.057216,0.985249,0.161276,0.100536,0.469005,-0.365545,-8.092236,29.665054,26.737396,,,,,,,
1530639454.467920,-2.862274,-1.423601,2.072886,1.560615,-1.147150,0.673387,-0.040436,0.989186,0.140981,0.013916,0.273372,-0.347371,-7.245951,30.108833,26.482693,,,,,,,
1530639454.487889,-2.898688,-1.479320,2.064024,3.154075,-1.577598,0.745991,-0.021972,0.995819,0.088668,-0.056245,0.068390,-0.314468,-6.248112,31.416130,25.255623,,,,,,,
1530639454.507858,-2.759474,-1.542780,2.240271,3.071800,-2.071265,0.302292,-0.010442,0.999608,0.025983,-0.109706,0.057613,-0.125760,-5.261774,32.900330,23.677677,,,,,,,
1530639454.527827,-0.263725,-1.539664,-1.501491,2.676445,-2.408325,0.054668,-0.008110,0.999515,-0.030035,-0.060067,-0.171314,-0.037760,-4.358681,34.096901,22.126701,,,,,,,
1530639454.547796,-0.129721,-1.491983,-1.320937,2.263520,-2.237947,0.019987,-0.010184,0.996896,-0.078064,-0.039987,-0.323907,0.073395,-3.458189,35.007202,20.591400,,,,,,,
1530639454.567766,-0.102834,-1.459179,-1.274298,1.208048,-0.038660,0.028904,-0.011434,0.993777,-0.110793,-0.119990,-0.410464,0.700926,-2.916853,35.833260,18.992767,,,,,,,
1530639454.587735,-0.065611,-1.445665,-1.264599,0.441545,1.990996,-0.029707,-0.008183,0.992181,-0.124536,-0.175121,-0.250558,0.531274,-3.387945,35.879700,18.688072,,,,,,,
1530639454.607703,-0.025662,-1.440365,-1.275006,0.197588,2.627363,-0.091980,-0.003337,0.991506,-0.130018,-0.132786,-0.054754,0.190748,-4.165874,36.093819,18.410957,,,,,,,
1530639454.627672,0.015654,-1.436744,-1.287096,0.196295,2.607285,-0.061871,0.002092,0.991028,-0.133635,-0.104341,0.015350,0.066267,-5.065855,36.118942,17.772705,,,,,,,
1530639454.647641,0.057936,-1.429377,-1.296231,0.519090,2.472313,-0.034683,0.008161,0.990017,-0.140712,-0.101469,0.023090,0.034923,-5.723789,36.321762,17.023018,,,,,,,
1530639454.667610,0.097154,-1.411854,-1.303295,1.102312,2.113642,0.082476,0.015353,0.987395,-0.157528,-0.081973,0.019639,0.018184,-6.348219,36.557549,16.420174,,,,,,,
1530639454.687579,0.142721,-1.383704,-1.292100,1.494113,1.409185,0.406004,0.026456,0.982549,-0.184112,-0.055845,0.020197,0.028701,-6.541222,37.247894,14.972466,,,,,,,
1530639454.707548,0.190898,-1.352364,-1.261748,1.453658,0.574192,0.629981,0.041117,0.976238,-0.212763,-0.097986,0.079090,0.079783,-6.440802,37.729271,13.980263,,,,,,,
1530639454.727516,0.220952,-1.322678,-1.233384,1.367841,-0.180840,0.627251,0.053821,0.969376,-0.239610,-0.164539,0.072173,0.123627,-5.871178,38.171303,13.073608,,,,,,,
1530639454.747485,0.233000,-1.291229,-1.211458,1.555411,-0.619352,0.655495,0.063714,0.961175,-0.268483,-0.216836,0.099357,0.178227,-5.379162,38.592285,12.280090,,,,,,,
1530639454.767454,0.242403,-1.259618,-1.194893,1.131516,0.230534,0.534691,0.073494,0.951973,-0.297229,-0.323723,0.165870,0.508548,-4.947521,38.768974,11.271233,,,,,,,
1530639454.787423,0.278407,-1.258864,-1.182103,-0.530767,1.248078,0.013751,0.084343,0.951742,-0.295080,-0.507774,0.188028,0.960531,-4.988485,38.899040,11.036270,,,,,,,
1530639454.807392,0.296765,-1.277693,-1.176593,-1.110287,0.234602,-0.266453,0.084489,0.957352,-0.276294,-0.340883,0.167389,0.126040,-5.136772,38.544510,11.780357,,,,,,,
1530639454.827361,0.288147,-1.301035,-1.180516,-0.966105,-0.510494,-0.439832,0.075733,0.963835,-0.255513,-0.294544,0.098757,0.086247,-5.416140,38.352676,12.442329,,,,,,,
1530639454.847330,0.251285,-1.314080,-1.205417,-0.322746,-0.727764,-0.499512,0.063133,0.967229,-0.245931,-0.311043,0.246242,0.098637,-5.610518,38.213570,12.675278,,,,,,,
1530639454.867298,0.215589,-1.327088,-1.247392,-1.113302,1.318092,-0.824186,0.051620,0.970450,-0.235716,-0.499038,0.405695,1.021437,-6.334536,38.237610,13.287750,,,,,,,
1530639454.887267,0.192799,-1.386356,-1.322542,-3.496506,2.735602,-1.680633,0.035140,0.983039,-0.179996,-0.710677,0.533913,1.377537,-7.789133,37.630920,15.015457,,,,,,,
1530639454.907236,0.058981,-1.458900,-1.500798,-2.999830,1.515964,-1.731725,0.006582,0.993746,-0.111468,-0.356680,0.636716,0.202075,-9.621384,36.629814,17.043518,,,,,,,
1530639454.927205,-0.521572,-1.504961,-2.082015,-2.860769,-1.109747,-2.130901,-0.032777,0.997834,-0.057037,-0.073699,0.603241,0.109253,-10.768345,35.651939,18.604088,,,,,,,
1530639454.947174,-1.700149,-1.493873,3.069215,-3.340989,-3.157651,-2.088199,-0.076203,0.997043,0.009912,0.098221,0.340680,-0.201777,-11.302908,34.537766,21.393898,,,,,,,
1530639454.967143,-2.219641,-1.431152,2.621833,-3.384275,-3.984432,-1.774638,-0.110904,0.990265,0.084108,0.122821,0.346557,-0.506547,-11.018732,32.913033,24.330151,,,,,,,
1530639454.987112,-2.466816,-1.364901,2.451542,-3.296800,-3.946370,-1.057092,-0.127721,0.978878,0.159639,0.261845,0.526554,-0.481401,-9.940742,30.979645,27.195030,,,,,,,
1530639455.007080,-2.640537,-1.309495,2.345618,-2.657973,-3.190815,-0.198520,-0.124093,0.966055,0.226582,0.287286,0.822016,-0.580800,-8.467842,29.320152,29.355663,,,,,,,
1530639455.027049,-2.753550,-1.281696,2.270623,-0.986664,-1.498805,0.562956,-0.107872,0.958501,0.263894,0.323524,0.900890,-0.802865,-7.288004,28.515923,30.487221,,,,,,,
1530639455.047018,-2.825349,-1.281654,2.214018,-0.143745,-0.681790,0.825384,-0.088675,0.958489,0.270991,0.307883,0.542259,-0.657053,-6.405247,28.414818,31.052086,,,,,,,
1530639455.066987,-2.951095,-1.245768,2.115310,-3.006966,-1.789478,1.027452,-0.060465,0.947642,0.313559,0.478892,-0.166514,0.899591,-5.141558,27.347183,32.273014,,,,,,,
1530639455.086956,-3.044519,-1.182647,2.038611,-3.213410,-0.543182,0.721816,-0.036682,0.925611,0.376693,0.103439,-0.271742,-0.129561,-4.107750,25.559219,34.063614,,,,,,,
1530639455.106925,-3.063621,-1.133499,2.006445,-2.011110,1.028483,0.231237,-0.032987,0.905899,0.422206,-0.021487,-0.323212,-0.649730,-4.277632,23.974785,34.837982,,,,,,,
1530639455.126894,-3.035849,-1.109551,2.004709,-0.732949,1.516193,-0.276162,-0.046975,0.895499,0.442578,-0.028571,-0.390891,-0.830487,-5.085096,23.267303,35.276165,,,,,,,
1530639455.146862,-2.990002,-1.105542,2.025747,0.181006,1.139449,-0.594022,-0.067751,0.893708,0.443505,0.011217,-0.442811,-0.814156,-6.168974,23.121712,35.500698,,,,,,,
1530639455.166831,-2.950716,-1.115043,2.060116,0.765298,-0.169163,-0.713339,-0.083503,0.897930,0.432145,0.042259,-0.477977,-0.866487,-6.768696,23.479797,35.099735,,,,,,,
1530639455.186800,-2.947977,-1.126252,2.087916,0.567113,-1.568453,-0.294114,-0.082745,0.902807,0.422011,0.203487,-0.544347,-0.691039,-6.114286,23.716026,35.100296,,,,,,,
1530639455.206769,-2.978606,-1.135883,2.088004,0.459946,-1.414263,0.241640,-0.068368,0.906906,0.415748,0.192452,-0.564453,-0.598014,-5.199020,24.099495,34.954750,,,,,,,
1530639455.226738,-3.009949,-1.149047,2.070927,0.722766,-0.459205,0.523861,-0.053734,0.912374,0.405815,0.130730,-0.572240,-0.655159,-4.778181,24.452736,34.790028,,,,,,,
1530639455.246707,-3.032622,-1.170637,2.047202,1.220243,0.025899,0.589919,-0.042367,0.920999,0.387254,0.107858,-0.595788,-0.774660,-4.406195,25.278831,34.286476,,,,,,,
1530639455.266676,-3.052750,-1.203877,2.028513,1.841541,-0.383724,0.410907,-0.031830,0.933437,0.357327,0.088882,-0.596935,-0.877682,-4.066502,26.234032,33.676895,,,,,,,
1530639455.286644,-3.074173,-1.245782,2.027682,2.193057,-1.534780,0.027364,-0.021512,0.947646,0.318597,0.007734,-0.443023,-0.770623,-3.378880,27.606056,32.901718,,,,,,,
1530639455.306613,-3.102784,-1.291450,2.037549,2.257578,-1.984806,-0.029423,-0.010698,0.961236,0.275520,0.116060,-0.101678,-0.510445,-2.259527,28.722382,31.799713,,,,,,,
1530639455.326582,-3.119346,-1.311813,2.047970,-0.517424,-0.283104,-0.299002,-0.005697,0.966651,0.256035,-0.012766,0.615426,0.979149,-1.931597,29.164703,31.301647,,,,,,,
1530639455.346551,-3.024894,-1.264685,2.065423,-2.343433,4.884683,-0.263240,-0.035088,0.953513,0.299303,0.304451,2.495965,4.870024,-4.010460,28.335335,32.425411,,,,,,,
1530639455.366520,-2.995512,-1.242087,2.059694,-0.392446,-0.295808,-0.064197,-0.046990,0.946460,0.319383,0.703698,1.239179,0.729750,-5.174795,27.602379,33.022537,,,,,,,
1530639455.386489,-3.017762,-1.249393,2.071660,0.870926,-1.747455,-0.124579,-0.039018,0.948793,0.313479,0.264634,-0.123720,0.335660,-4.265205,27.471390,32.979530,,,,,,,
1530639455.406458,-2.995151,-1.296230,2.081557,3.314701,2.629823,0.362281,-0.039563,0.962543,0.268228,0.104687,-0.175098,0.032401,-4.759563,28.751633,31.651711,,,,,,,
1530639455.426426,-2.919541,-1.363990,2.077016,2.841388,3.972903,0.759915,-0.045221,0.978692,0.200293,0.108453,0.564323,-0.940909,-6.313673,30.652138,29.684959,,,,,,,
1530639455.446395,-2.875282,-1.389782,2.059524,0.176443,2.540430,0.188236,-0.047378,0.983662,0.173680,-0.028778,0.817669,-0.683903,-7.717754,31.478554,28.459721,,,,,,,
1530639455.466364,-2.849528,-1.374068,2.043694,-1.097012,1.887353,-0.134591,-0.056279,0.980711,0.187184,0.139592,0.069368,-0.510319,-8.882683,31.293533,28.565559,,,,,,,
1530639455.486333,-2.843865,-1.355647,2.018427,-0.756778,1.213460,0.081780,-0.062628,0.976944,0.204100,0.162542,-0.569428,-0.622068,-9.753948,30.980263,29.059978,,,,,,,
1530639455.506302,-2.858066,-1.351300,1.994011,0.002616,0.022233,0.220010,-0.060911,0.976007,0.209044,0.062940,-0.797357,-0.640761,-10.083601,30.732430,29.237785,,,,,,,
1530639455.526271,-2.881164,-1.360210,1.983931,0.594210,-1.078628,0.228882,-0.053825,0.977909,0.201984,-0.020318,-0.826267,-0.538776,-9.664270,30.600410,28.940472,,,,,,,
1530639455.546240,-2.928649,-1.375400,1.963978,0.693834,-1.575078,0.498290,-0.041032,0.980971,0.189770,0.013307,-0.384810,-0.376476,-8.740147,31.052467,29.319778,,,,,,,
1530639455.566207,-3.035525,-1.389860,1.887367,0.563881,-1.573010,1.003361,-0.019051,0.983676,0.178940,0.038598,0.147214,-0.353165,-7.450642,31.264481,29.111336,,,,,,,
1530639455.586176,3.098345,-1.403681,1.759997,0.764434,-1.001817,1.085941,0.007192,0.986069,0.166184,-0.072163,0.420547,-0.390000,-6.315792,31.584679,28.769325,,,,,,,
1530639455.606145,2.975682,-1.422621,1.650461,1.197892,-0.665759,0.518877,0.024382,0.989042,0.145606,-0.242857,0.365694,-0.385703,-5.520285,32.298065,28.584095,,,,,,,
1530639455.626114,2.894194,-1.450122,1.579239,1.576290,-0.544323,0.021457,0.029480,0.992728,0.116717,-0.260147,0.234354,-0.283755,-5.145258,33.245728,27.781494,,,,,,,
1530639455.646083,2.802969,-1.483955,1.496514,1.836300,-0.434262,-0.102656,0.028812,0.996232,0.081809,-0.190311,-0.009324,-0.174659,-4.840202,33.803879,26.739422,,,,,,,
1530639455.666052,2.494278,-1.522224,1.186484,2.471617,0.457929,0.153719,0.029281,0.998821,0.038733,-0.160888,-0.224620,-0.032385,-4.742989,34.802994,25.385845,,,,,,,
1530639455.686021,1.040415,-1.529377,-0.303045,3.270849,2.542777,0.340754,0.035716,0.999142,-0.020945,-0.210445,-0.270840,0.214366,-5.287296,36.074745,23.511078,,,,,,,
1530639455.705989,0.515860,-1.482168,-0.907977,2.617934,4.577983,0.112711,0.043662,0.996075,-0.076996,-0.230995,-0.130078,0.640655,-6.377205,37.125557,21.134155,,,,,,,
1530639455.725958,0.460434,-1.449242,-1.061529,1.355050,4.745758,0.015897,0.053879,0.992621,-0.108629,-0.130951,-0.050071,0.468889,-7.914125,37.790024,19.148338,,,,,,,
1530639455.745927,0.472559,-1.435857,-1.130191,0.580716,3.382760,-0.156062,0.061233,0.990910,-0.119786,-0.137375,0.040432,0.187413,-9.339584,38.027641,17.874924,,,,,,,
1530639455.765896,0.455118,-1.425434,-1.189453,0.740919,1.161041,-0.071419,0.063672,0.989453,-0.130106,-0.141995,-0.007215,-0.066930,-10.131193,38.342316,16.999626,,,,,,,
1530639455.785865,0.413542,-1.410136,-1.229000,0.829920,-0.854988,0.123909,0.064285,0.987122,-0.146485,-0.107635,-0.099793,-0.080139,-10.219040,38.384132,16.392746,,,,,,,
1530639455.805834,0.369725,-1.393529,-1.239972,0.789849,-2.091547,0.310347,0.063722,0.984329,-0.164424,-0.063432,-0.166153,0.011806,-9.852484,38.615715,15.774803,,,,,,,
1530639455.825803,0.333516,-1.375346,-1.226585,0.828169,-2.687973,0.513065,0.063578,0.980960,-0.183507,-0.036188,-0.131519,0.075796,-8.819647,38.731262,15.762451,,,,,,,
1530639455.845771,0.305665,-1.354903,-1.198179,0.918413,-2.853354,0.638571,0.064465,0.976785,-0.204291,-0.047924,0.018790,0.119314,-7.883028,38.972946,15.893288,,,,,,,
1530639455.865740,0.274253,-1.331650,-1.174995,1.133232,-2.606453,0.523150,0.064152,0.971541,-0.228021,-0.099979,0.091127,0.173562,-6.807854,39.263885,15.486031,,,,,,,
1530639455.885709,0.231823,-1.303215,-1.176356,1.523169,-1.737112,0.264336,0.060746,0.964413,-0.257327,-0.137086,0.118457,0.253314,-5.522442,39.777168,14.427620,,,,,,,
1530639455.905678,0.216175,-1.274450,-1.177331,1.067742,0.175305,0.383026,0.062639,0.956410,-0.285231,-0.148668,0.062099,0.518843,-5.355070,39.985626,13.756958,,,,,,,
1530639455.925647,0.276398,-1.271124,-1.150843,-0.380952,2.108649,0.395940,0.080560,0.955433,-0.284003,-0.270577,0.068203,0.908865,-5.341471,39.862480,13.785812,,,,,,,
1530639455.945616,0.342755,-1.284007,-1.120142,-0.949074,1.557673,0.121082,0.095069,0.959157,-0.266421,-0.326011,0.183940,0.151247,-5.578032,39.660503,14.439713,,,,,,,
1530639455.965585,0.387691,-1.307572,-1.095061,-1.373866,0.668293,-0.232431,0.098367,0.965556,-0.240885,-0.404764,0.275228,0.085077,-6.118315,39.355804,15.423622,,,,,,,
1530639455.985554,0.409812,-1.332708,-1.082265,-0.898107,0.567167,-0.317804,0.093969,0.971791,-0.216316,-0.489874,0.397045,0.079673,-6.343655,38.965668,16.239410,,,,,,,
1530639456.005522,0.423498,-1.342572,-1.096922,-0.511021,2.345651,-0.506410,0.092977,0.974070,-0.206261,-0.656331,0.567877,0.421120,-7.319073,38.601204,16.665886,,,,,,,
1530639456.025491,0.491246,-1.394456,-1.101058,-3.255112,3.446954,-1.594578,0.082754,0.984492,-0.154683,-0.761327,0.928105,1.908284,-9.193785,37.838531,18.261574,,,,,,,
1530639456.045460,0.499143,-1.476155,-1.125251,-3.521116,0.347938,-2.333610,0.045234,0.995525,-0.082969,-0.174415,0.627110,0.356209,-10.911577,36.029541,20.626305,,,,,,,
1530639456.065429,-0.327366,-1.556834,-1.929690,-3.467469,-1.896801,-2.426977,-0.004487,0.999903,-0.013213,-0.076904,0.302176,-0.275422,-11.750383,34.018379,23.276802,,,,,,,
1530639456.085398,-2.439550,-1.499115,2.297839,-3.271430,-3.392340,-1.996239,-0.046250,0.997432,0.054682,0.047424,0.215520,-0.554133,-11.608334,31.990967,25.816082,,,,,,,
1530639456.105367,-2.600523,-1.426398,2.214168,-3.169729,-4.122665,-1.589932,-0.074114,0.989593,0.123342,0.080797,0.502961,-0.528356,-10.477699,29.692894,28.159840,,,,,,,
1530639456.125336,-2.717875,-1.361389,2.178010,-2.904001,-4.017543,-1.000147,-0.085471,0.978154,0.189497,0.176764,0.760371,-0.499571,-8.683065,27.718132,30.568329,,,,,,,
1530639456.145304,-2.810810,-1.314402,2.142594,-1.874194,-2.016829,-0.151606,-0.082363,0.967311,0.239846,0.303799,0.911122,-0.559304,-7.425304,26.061493,31.590240,,,,,,,
1530639456.165273,-2.859913,-1.299181,2.094455,-0.334184,0.746024,0.609965,-0.074576,0.963339,0.257714,0.426138,0.634485,-0.654428,-7.291063,25.743156,31.780201,,,,,,,
1530639456.185242,-2.881705,-1.304832,2.051405,-0.041120,0.428360,0.557851,-0.067542,0.964840,0.254012,0.261420,0.183842,-0.662002,-7.153088,25.370865,31.577488,,,,,,,
1530639456.205211,-2.981487,-1.269414,1.982820,-2.737728,-2.380241,0.560123,-0.047323,0.954927,0.293045,0.454016,-0.404665,0.454148,-5.707281,24.061157,32.367573,,,,,,,
1530639456.225180,-3.067875,-1.210458,1.932676,-2.933524,-1.459309,0.371441,-0.025969,0.935777,0.351634,0.169462,-0.411791,-0.229701,-4.697947,22.468636,33.295135,,,,,,,
1530639456.245149,-3.090575,-1.164104,1.916186,-1.937886,0.154527,0.018090,-0.020172,0.918434,0.395059,0.024307,-0.374596,-0.591302,-4.303858,21.080780,33.853222,,,,,,,
1530639456.265118,-3.072545,-1.138452,1.920605,-0.888918,0.838562,-0.293944,-0.028908,0.907986,0.418002,0.022606,-0.375500,-0.707308,-4.788897,20.236732,34.259224,,,,,,,
1530639456.285086,-3.040090,-1.131523,1.943050,0.009677,0.270022,-0.652472,-0.043093,0.905061,0.423093,-0.017469,-0.381730,-0.817823,-5.309338,20.091866,33.936554,,,,,,,
1530639456.305055,-3.010250,-1.135088,1.982433,0.358917,-0.651314,-0.891444,-0.055274,0.906571,0.418418,-0.032372,-0.383149,-0.650062,-5.433327,20.088577,33.841408,,,,,,,
1530639456.325024,-2.988342,-1.140205,2.026453,0.395358,-1.013694,-0.850441,-0.063718,0.908719,0.412516,0.038617,-0.390638,-0.524562,-5.173658,20.085526,33.630123,,,,,,,
1530639456.344993,-2.975827,-1.146861,2.060334,0.486910,-0.843884,-0.507627,-0.067876,0.911477,0.405712,0.122808,-0.428216,-0.537609,-4.806311,20.216408,33.232979,,,,,,,
1530639456.364962,-2.971262,-1.158869,2.076768,0.771796,-0.387636,-0.090000,-0.067867,0.916351,0.394582,0.150600,-0.506942,-0.606710,-4.790749,20.516869,33.025764,,,,,,,
1530639456.384931,-2.974021,-1.179711,2.079440,1.212912,-0.300445,0.210943,-0.063578,0.924496,0.375852,0.144831,-0.574185,-0.710554,-4.495689,20.839439,32.268154,,,,,,,
1530639456.404900,-2.986650,-1.210379,2.077399,1.672798,-0.794533,0.281303,-0.054425,0.935750,0.348440,0.120327,-0.557942,-0.765158,-4.202513,21.719574,32.023579,,,,,,,
1530639456.424868,-3.009133,-1.248544,2.078609,1.990115,-1.460992,0.221862,-0.041828,0.948524,0.313930,0.113712,-0.454674,-0.681728,-3.444426,22.697365,30.803352,,,,,,,
1530639456.444837,-3.040507,-1.288849,2.076956,1.921503,-1.414977,0.275662,-0.028077,0.960515,0.276807,0.148835,-0.234731,-0.379590,-2.640678,23.436165,30.215927,,,,,,,
1530639456.464806,-3.053137,-1.304864,2.075363,-0.449507,0.417984,-0.157210,-0.023217,0.964848,0.261782,-0.083976,0.275310,0.841230,-2.593008,23.731049,30.055885,,,,,,,
1530639456.484775,-2.956905,-1.283256,2.094980,-0.958031,4.901993,-0.277922,-0.052079,0.958944,0.278771,0.043260,1.702677,3.722602,-4.631222,23.143074,29.956394,,,,,,,
1530639456.504744,-2.931738,-1.271401,2.081884,-0.214344,-0.133494,0.081366,-0.061442,0.955515,0.288472,0.443506,1.458624,1.152858,-5.508345,22.844162,29.864414,,,,,,,
1530639456.524713,-2.959933,-1.275603,2.091648,0.446923,-2.493093,-0.192679,-0.052559,0.956746,0.286137,0.019341,0.261119,0.227032,-4.834251,22.884895,29.383366,,,,,,,
1530639456.544682,-2.984718,-1.297678,2.111042,1.875212,-1.188073,0.031351,-0.042141,0.962934,0.266422,-0.176289,0.060900,0.713040,-4.113895,23.293961,28.637405,,,,,,,
1530639456.564651,-2.922721,-1.360938,2.136643,3.570111,3.150484,0.406287,-0.045232,0.978060,0.203350,0.079229,0.498731,-0.876247,-5.118807,24.730919,26.686272,,,,,,,
1530639456.584619,-2.816402,-1.419284,2.176236,2.172577,3.380879,0.359745,-0.048221,0.988544,0.143020,0.136874,0.917416,-0.899948,-6.633968,25.955811,24.847515,,,,,,,
1530639456.604588,-2.718866,-1.430498,2.208518,-0.133666,3.137462,-0.248852,-0.057368,0.990174,0.127527,0.223536,0.557036,-0.555200,-8.209408,26.411667,23.835945,,,,,,,
1530639456.624557,-2.670107,-1.417180,2.200419,-0.785720,2.656679,-0.134204,-0.069498,0.988224,0.136315,0.334467,-0.350727,-0.420373,-9.535780,26.074135,23.401779,,,,,,,
1530639456.644526,-2.686149,-1.404308,2.139196,-0.732536,1.857680,0.307880,-0.072893,0.986173,0.148825,0.290880,-0.713315,-0.369147,-10.440308,26.029243,23.052658,,,,,,,
1530639456.664495,-2.741791,-1.400759,2.063957,-0.207105,0.333207,0.596915,-0.065865,0.985579,0.155871,0.157555,-0.875349,-0.538104,-10.921482,25.909996,22.971558,,,,,,,
1530639456.684464,-2.823477,-1.408673,1.994410,0.356544,-1.202135,0.699978,-0.050485,0.986887,0.153312,0.082743,-0.769373,-0.534217,-10.531786,25.904480,22.997643,,,,,,,
1530639456.704433,-2.927749,-1.421919,1.926462,0.563662,-2.193241,0.659559,-0.031477,0.988938,0.144947,0.098265,-0.342027,-0.373173,-9.672119,26.012390,22.841293,,,,,,,
1530639456.724401,-3.051743,-1.437448,1.849798,0.781884,-2.419569,0.652907,-0.011930,0.991122,0.132415,0.129514,0.002255,-0.322799,-8.925198,26.273651,22.643204,,,,,,,
1530639456.744370,3.089150,-1.458200,1.750190,1.173429,-1.990968,0.593631,0.005890,0.993668,0.112202,0.095383,0.250534,-0.327198,-7.832418,26.769745,22.041573,,,,,,,
1530639456.764339,2.935533,-1.482833,1.632618,1.339298,-1.792558,0.309168,0.017974,0.996134,0.085989,-0.041564,0.323141,-0.258627,-7.061985,27.288033,21.533249,,,,,,,
1530639456.784308,2.748744,-1.508500,1.480865,1.432185,-1.764686,0.105548,0.023831,0.998060,0.057510,-0.068341,0.167315,-0.185531,-6.622541,27.841736,21.016846,,,,,,,
1530639456.804277,2.347410,-1.533674,1.113817,1.610953,-1.703600,0.043544,0.026472,0.999311,0.026011,-0.068479,-0.015073,-0.136805,-6.016197,28.432144,20.463409,,,,,,,
1530639456.824246,1.207499,-1.541745,0.004173,1.877639,-1.398676,-0.004208,0.027154,0.999578,-0.010323,-0.095269,-0.085592,-0.063911,-5.659725,28.946304,19.564232,,,,,,,
1530639456.844215,0.446596,-1.507333,-0.745648,2.985407,0.540523,0.158344,0.027392,0.997987,-0.057201,-0.151201,-0.113633,0.101848,-5.741623,29.652863,18.142563,,,,,,,
1530639456.864183,0.318552,-1.434214,-0.953733,3.645891,5.633830,0.310679,0.042643,0.990687,-0.129307,-0.332148,-0.034724,0.964833,-6.643631,30.613274,15.873756,,,,,,,
1530639456.884152,0.346463,-1.380639,-1.057394,2.292987,6.604029,-0.083289,0.064184,0.981975,-0.177782,-0.261129,0.054174,0.521898,-8.175200,31.386444,13.211517,,,,,,,
1530639456.904121,0.386153,-1.355367,-1.136946,0.990381,5.339470,-0.417388,0.080511,0.976885,-0.198026,-0.212789,0.031019,0.173826,-9.685926,31.714371,11.411690,,,,,,,
1530639456.924090,0.429461,-1.354694,-1.181851,-0.215495,3.785356,-0.389376,0.089282,0.976741,-0.194952,-0.127353,-0.092265,0.223471,-10.966204,31.720062,10.176857,,,,,,,
1530639456.944059,0.471986,-1.360999,-1.186878,0.160616,1.238184,-0.024953,0.094687,0.978073,-0.185492,-0.030326,-0.136200,0.172324,-11.592678,31.527878,9.771179,,,,,,,
1530639456.964028,0.460031,-1.346401,-1.193257,0.759310,-0.966350,0.427192,0.098792,0.974929,-0.199384,-0.093589,-0.049407,-0.073871,-11.937557,31.749359,9.220703,,,,,,,
1530639456.983997,0.454659,-1.331351,-1.163402,0.372039,-2.116540,0.751486,0.104152,0.971470,-0.213071,-0.133449,0.023175,0.056760,-11.641638,31.708572,8.924782,,,,,,,
1530639457.003965,0.454937,-1.320392,-1.109351,0.129132,-2.860090,0.851875,0.108883,0.968812,-0.222592,-0.191479,0.084212,0.079160,-11.238646,32.141380,9.184547,,,,,,,
1530639457.023934,0.444587,-1.312059,-1.055708,0.081993,-3.217974,0.725540,0.110041,0.966714,-0.230987,-0.264277,0.126838,0.114853,-10.786270,32.109444,9.648537,,,,,,,
1530639457.043903,0.412001,-1.300827,-1.026801,0.638623,-2.749518,0.482433,0.106799,0.963779,-0.244385,-0.319095,0.112118,0.190277,-10.359732,32.338333,10.172401,,,,,,,
1530639457.063872,0.361217,-1.279503,-1.036149,1.139355,-1.758182,0.136748,0.101497,0.957873,-0.268658,-0.337184,0.076139,0.304409,-10.360199,32.419113,10.020584,,,,,,,
1530639457.083841,0.334126,-1.266381,-1.053704,0.172299,0.782308,-0.031585,0.098296,0.954022,-0.283159,-0.256332,0.037173,0.862916,-10.598000,32.431763,9.987015,,,,,,,
1530639457.103810,0.399734,-1.281505,-1.034255,-1.295057,2.936664,-0.050846,0.111021,0.958446,-0.262784,-0.124281,0.017765,0.907773,-11.203707,32.363419,10.207245,,,,,,,
1530639457.123779,0.506615,-1.317813,-0.996954,-2.101581,3.973845,-0.578663,0.121447,0.968170,-0.218854,-0.286547,0.273804,0.651227,-12.111320,32.278053,10.439812,,,,,,,
1530639457.143747,0.630718,-1.365941,-0.970105,-2.181842,5.306973,-1.314478,0.119965,0.979090,-0.164287,-0.567902,0.544347,0.861980,-13.794498,31.728775,10.821609,,,,,,,
1530639457.163716,0.720453,-1.421375,-0.969259,-2.194122,3.467830,-1.949841,0.098210,0.988857,-0.111873,-0.618886,0.622120,0.338100,-16.853266,30.633217,11.302650,,,,,,,
1530639457.183685,0.759471,-1.489412,-0.940643,-2.971244,-1.359979,-2.336924,0.055974,0.996690,-0.058955,-0.458578,0.800688,0.214488,-18.506073,29.355278,13.191689,,,,,,,
1530639457.203654,2.304432,-1.563426,0.677222,-3.329468,-4.619042,-2.436180,0.005458,0.999973,0.004921,-0.046871,0.520718,-0.283821,-19.047504,27.416672,16.778679,,,,,,,
1530639457.223623,-2.680053,-1.490338,2.081135,-3.272946,-5.537336,-2.143546,-0.035791,0.996765,0.071960,0.013925,0.356079,-0.510330,-18.697449,25.418045,20.864876,,,,,,,
1530639457.243592,-2.753766,-1.415726,2.115645,-3.326977,-5.315897,-1.437617,-0.058409,0.988001,0.142979,0.114973,0.531744,-0.426212,-17.433870,23.451584,24.757336,,,,,,,
1530639457.263561,-2.865180,-1.348333,2.100281,-3.103458,-4.509660,-0.704882,-0.060211,0.975357,0.212256,0.108078,0.921005,-0.448813,-15.524338,21.298203,28.310173,,,,,,,
1530639457.283529,-2.949767,-1.299009,2.073352,-1.996039,-1.809171,-0.003707,-0.051181,0.963293,0.263528,0.178988,1.116465,-0.519662,-14.212084,20.019478,30.457455,,,,,,,
1530639457.303498,-2.972809,-1.277521,2.042662,-0.736560,1.408454,0.298210,-0.048562,0.957302,0.284979,0.270333,0.873081,-0.349143,-14.151514,19.357101,31.139805,,,,,,,
1530639457.323467,-2.971676,-1.257578,1.996885,-1.480478,2.314138,0.584457,-0.052103,0.951347,0.303682,0.581141,0.105873,0.424147,-14.782265,18.648796,31.430866,,,,,,,
1530639457.343436,-2.977606,-1.221959,1.946922,-1.978638,1.864463,0.343855,-0.055800,0.939771,0.337218,0.325667,-0.292081,-0.194503,-15.543365,17.447624,31.867435,,,,,,,
1530639457.363405,-2.954803,-1.189078,1.934749,-1.356191,1.478357,-0.362450,-0.069178,0.928026,0.366034,0.071619,-0.411745,-0.711295,-15.979702,16.512711,32.502357,,,,,,,
1530639457.383374,-2.911550,-1.172437,1.961184,-0.297348,0.562696,-0.817117,-0.088450,0.921699,0.377687,0.091334,-0.517188,-0.984270,-16.203588,15.423195,32.515900,,,,,,,
1530639457.403343,-2.868141,-1.172553,2.009055,0.505048,-0.479914,-0.940709,-0.104728,0.921744,0.373391,0.149512,-0.555914,-0.906212,-15.942680,15.286316,33.025604,,,,,,,
1530639457.423311,-2.842849,-1.181111,2.058929,0.706622,-1.521633,-0.685800,-0.111811,0.925029,0.363070,0.222590,-0.590770,-0.779726,-15.055473,14.887306,33.262196,,,,,,,
1530639457.443280,-2.869169,-1.188723,2.082641,0.315205,-2.925296,-0.103840,-0.100320,0.927894,0.359096,0.234933,-0.621314,-0.788829,-13.165291,14.636169,34.333408,,,,,,,
1530639457.463249,-2.934168,-1.188503,2.070199,-0.249661,-2.293502,0.350661,-0.076826,0.927812,0.365053,0.153013,-0.582444,-0.414323,-11.203711,14.463684,35.125370,,,,,,,
1530639457.483218,-2.981851,-1.184727,2.041804,-0.192774,-0.376144,0.528628,-0.059895,0.926396,0.371756,0.098134,-0.526082,-0.454642,-10.176094,14.376213,35.584976,,,,,,,
1530639457.503187,-2.998206,-1.189827,2.011428,0.398822,0.941202,0.606328,-0.053132,0.928305,0.368005,0.158967,-0.559195,-0.691598,-10.150520,14.201218,35.757687,,,,,,,
1530639457.523156,-3.004109,-1.206641,1.984568,0.971801,0.728268,0.561444,-0.048812,0.934425,0.352800,0.199081,-0.612998,-0.832231,-9.995392,14.563568,35.301849,,,,,,,
1530639457.543125,-3.019443,-1.233163,1.965178,1.436629,-0.313040,0.425277,-0.040362,0.943541,0.328787,0.239077,-0.602019,-0.830283,-9.701237,15.065315,35.228271,,,,,,,
1530639457.563094,-3.048824,-1.267454,1.959809,1.834437,-1.822600,0.160300,-0.027671,0.954343,0.297427,0.188163,-0.386671,-0.778735,-8.278578,15.661095,35.285641,,,,,,,
1530639457.583062,-3.087232,-1.305498,1.964405,1.793860,-2.229944,0.002382,-0.014246,0.965014,0.261810,0.182367,-0.113208,-0.402786,-6.716024,16.500999,35.536922,,,,,,,
1530639457.603031,-3.079093,-1.309418,1.996010,-1.466743,0.600502,-0.801229,-0.016140,0.966035,0.257908,-0.146549,0.590728,1.365627,-6.217674,16.397141,35.684914,,,,,,,
1530639457.623000,-2.961648,-1.280219,2.041461,-1.242304,3.455206,-0.488946,-0.051277,0.958079,0.281879,0.062279,2.288061,4.095669,-8.064390,15.499077,35.858692,,,,,,,
1530639457.642969,-2.934093,-1.276124,2.054790,0.421556,-0.575423,-0.215512,-0.059832,0.956897,0.284196,0.083406,1.336483,0.752395,-7.889526,15.078934,36.014668,,,,,,,
1530639457.662938,-2.936916,-1.296813,2.085992,1.492069,-2.030027,-0.158446,-0.054993,0.962701,0.264920,-0.101700,0.212272,0.249546,-6.255104,15.343262,36.011131,,,,,,,
1530639457.682907,-2.907214,-1.344796,2.122671,3.018655,1.622272,0.169680,-0.052040,0.974571,0.217954,-0.089485,0.194588,0.352969,-6.001299,16.657257,35.642956,,,,,,,
1530639457.702876,-2.775006,-1.405148,2.185876,2.753747,3.925190,0.320585,-0.059103,0.986312,0.153937,0.182516,0.590883,-0.694571,-7.454243,18.307800,34.426758,,,,,,,
1530639457.722844,-2.620223,-1.434385,2.275079,0.869936,2.957193,-0.248563,-0.067731,0.990710,0.117920,0.184034,0.807004,-0.737946,-8.933632,18.981033,33.527138,,,,,,,
1530639457.742813,-2.507415,-1.431440,2.337011,-0.179351,2.390169,-0.414823,-0.082303,0.990306,0.111896,0.324506,-0.040492,-0.481235,-10.492125,19.332466,33.011585,,,,,,,
1530639457.762782,-2.479300,-1.424562,2.321288,-0.387770,2.065607,0.075484,-0.089603,0.989327,0.114908,0.357197,-0.586342,-0.300821,-11.412239,18.909073,32.791370,,,,,,,
1530639457.782751,-2.510827,-1.422918,2.255332,-0.305839,1.346460,0.462644,-0.086896,0.989086,0.118989,0.220212,-0.813793,-0.300370,-11.930342,18.689995,32.537418,,,,,,,
1530639457.802720,-2.580649,-1.428281,2.175026,0.039472,-0.183263,0.721220,-0.075559,0.989862,0.120267,0.131864,-0.912835,-0.449155,-11.768372,18.740280,32.742512,,,,,,,
1530639457.822689,-2.693259,-1.440878,2.088735,0.364936,-1.989152,0.848170,-0.056157,0.991572,0.116750,0.125035,-0.614207,-0.525166,-10.342449,18.700554,33.057301,,,,,,,
1530639457.842658,-2.841214,-1.456160,1.990169,0.597091,-2.738574,0.817270,-0.033845,0.993436,0.109265,0.146699,-0.172483,-0.401684,-8.320562,19.025940,33.181805,,,,,,,
1530639457.862626,-3.002005,-1.476416,1.880226,1.011796,-2.401548,0.749764,-0.013112,0.995549,0.093323,0.182408,0.174067,-0.405578,-6.262629,19.395050,33.720768,,,,,,,
1530639457.882595,3.107637,-1.498221,1.749042,1.039063,-2.096145,0.484550,0.002462,0.997368,0.072470,0.092784,0.367302,-0.314398,-4.479277,19.957573,33.466133,,,,,,,
1530639457.902564,2.929534,-1.517278,1.610295,1.003286,-1.932150,0.237655,0.011259,0.998568,0.052297,0.017351,0.291532,-0.251576,-2.752111,20.269737,33.393929,,,,,,,
1530639457.922533,2.651589,-1.537203,1.366722,1.199299,-1.650957,0.112895,0.015808,0.999436,0.029637,-0.008224,0.059295,-0.188527,-1.688049,20.923805,33.459644,,,,,,,
1530639457.942502,1.659421,-1.553309,0.403638,1.495743,-1.394290,0.018220,0.017414,0.999847,0.001547,-0.039585,-0.086105,-0.134406,-0.317215,21.435753,32.804493,,,,,,,
1530639457.962471,0.459987,-1.534613,-0.773123,1.792321,-1.008328,-0.096326,0.016058,0.999345,-0.032411,-0.081136,-0.144289,-0.055800,0.549492,22.244270,32.040527,,,,,,,
1530639457.982440,0.164219,-1.498170,-1.057806,2.046061,-0.268905,-0.238909,0.011862,0.997364,-0.071583,-0.141196,-0.111377,0.062946,0.853592,23.374977,31.348377,,,,,,,
1530639458.002408,0.136793,-1.445928,-1.144826,2.789086,5.357615,0.066108,0.016983,0.992214,-0.123378,-0.260132,-0.129497,1.078090,-0.329582,24.595528,30.419872,,,,,,,
1530639458.022377,0.217521,-1.399743,-1.195222,2.071045,6.690755,-0.002851,0.036735,0.985406,-0.166208,-0.219489,0.009009,0.406610,-3.283968,25.732132,29.422058,,,,,,,
1530639458.042346,0.293493,-1.368172,-1.243796,1.383705,5.746359,-0.050764,0.058218,0.979542,-0.192635,-0.208762,0.018871,0.104745,-6.189665,26.752785,27.946510,,,,,,,
1530639458.062315,0.360734,-1.349564,-1.275095,0.768791,4.338486,0.033130,0.077451,0.975628,-0.205308,-0.202207,-0.046734,0.057176,-8.412481,27.301956,26.767918,,,,,,,
1530639458.082284,0.423551,-1.336610,-1.279571,0.708792,2.680376,0.359034,0.095373,0.972704,-0.211546,-0.191046,-0.085237,0.046873,-9.737221,27.583069,25.887043,,,,,,,
1530639458.102253,0.439059,-1.300553,-1.284051,1.978278,-0.054646,0.867254,0.113484,0.963706,-0.241645,-0.237309,-0.029868,0.002372,-9.739603,28.155571,25.107101,,,,,,,
1530639458.122222,0.426811,-1.272055,-1.271615,0.580596,-1.741534,0.629200,0.121839,0.955708,-0.267915,-0.400922,0.072491,0.730057,-8.697863,28.719818,24.631611,,,,,,,
1530639458.142190,0.409334,-1.271477,-1.244240,-0.434653,-2.418783,0.277613,0.117358,0.955537,-0.270510,-0.352694,0.147383,0.378191,-7.366686,28.696854,25.132393,,,,,,,
1530639458.162159,0.388543,-1.281879,-1.212006,-0.745703,-2.633640,0.233516,0.107937,0.958553,-0.263678,-0.270535,0.133870,0.225195,-5.761816,28.477837,25.865776,,,,,,,
1530639458.182128,0.374097,-1.291203,-1.178912,-0.433575,-2.027905,0.264386,0.100846,0.961168,-0.256878,-0.272828,0.103896,0.262051,-4.186922,28.073082,26.867355,,,,,,,
1530639458.202097,0.365365,-1.292479,-1.158616,-0.084350,-1.117114,0.239169,0.098161,0.961519,-0.256603,-0.283586,0.052168,0.288585,-2.880266,27.769737,27.328869,,,,,,,
1530639458.222066,0.368860,-1.295761,-1.138450,-0.427426,-0.674609,0.119857,0.097919,0.962416,-0.253314,-0.380512,0.147188,0.290393,-1.901134,27.596649,27.369427,,,,,,,
1530639458.242035,0.373191,-1.314056,-1.134855,-1.179040,0.906987,-0.596821,0.092580,0.967223,-0.236451,-0.632100,0.448061,0.545350,-1.390299,27.003639,27.843437,,,,,,,
1530639458.262004,0.399823,-1.357477,-1.176523,-2.289959,4.707855,-1.673211,0.082407,0.977334,-0.195007,-0.857172,0.608726,1.196121,-2.872387,26.332214,28.594540,,,,,,,
1530639458.281972,0.426238,-1.426695,-1.266436,-2.985962,5.835884,-2.253534,0.059372,0.989635,-0.130755,-0.550766,0.713581,1.021044,-6.025818,24.748245,29.511070,,,,,,,
1530639458.301941,0.276828,-1.496624,-1.476266,-2.992318,0.722287,-2.376270,0.020253,0.997251,-0.071282,-0.053197,0.723239,0.461419,-8.300068,22.823265,30.406166,,,,,,,
1530639458.321910,-1.501674,-1.540801,3.073294,-3.612837,-3.773398,-2.429085,-0.029922,0.999550,-0.002072,0.028686,0.469337,-0.221546,-7.643621,20.521469,31.984081,,,,,,,
1530639458.341879,-2.399940,-1.466758,2.275921,-3.672016,-5.684543,-2.068817,-0.070152,0.994593,0.076575,0.016136,0.369283,-0.665655,-5.146616,17.946968,33.966911,,,,,,,
1530639458.361848,-2.619352,-1.387091,2.181593,-3.576862,-6.546474,-1.627476,-0.091122,0.983174,0.158324,0.026440,0.565227,-0.645019,-1.112713,15.351921,35.129333,,,,,,,
1530639458.381817,-2.779571,-1.318107,2.144647,-3.039629,-5.858125,-0.783251,-0.088545,0.968244,0.233804,0.205885,0.849261,-0.605997,2.999020,13.219383,35.261372,,,,,,,
1530639458.401786,-2.898706,-1.273433,2.115200,-1.573020,-3.350295,-0.015652,-0.070468,0.956112,0.284400,0.181308,1.074299,-0.683646,6.534264,11.398560,34.988003,,,,,,,
1530639458.421755,-2.944711,-1.270137,2.084691,0.398865,0.466474,0.612663,-0.057931,0.955141,0.290429,0.309640,0.805403,-0.792596,7.935917,10.843811,34.655937,,,,,,,
1530639458.441723,-2.969948,-1.279385,2.034055,-0.772724,0.613043,1.023841,-0.049072,0.957839,0.283082,0.340698,0.216706,-0.379670,7.601677,11.187256,34.238850,,,,,,,
1530639458.461692,-3.095080,-1.224895,1.914488,-3.653003,-0.783299,1.782298,-0.015764,0.940770,0.338678,0.730699,-0.449117,0.419455,8.085899,9.954300,34.018547,,,,,,,
1530639458.481661,3.101655,-1.153946,1.823455,-3.264377,0.474467,1.545860,0.016166,0.914369,0.404560,0.232461,-0.418596,-0.499179,8.523724,7.386383,34.080456,,,,,,,
,,,,,,,,,,,,,,,,39.779366,-84.063672,293.449219,-1.000000,-1.000000,1530639458.452281,
1530639458.501630,3.088208,-1.102218,1.776204,-2.086678,1.944827,0.859849,0.024098,0.892211,0.450974,0.064617,-0.455261,-0.737092,7.495472,5.209076,34.453342,,,,,,,
1530639458.521599,3.121037,-1.074686,1.765339,-0.949175,2.047595,-0.007052,0.009784,0.879441,0.475907,-0.023196,-0.434006,-0.879380,6.565247,4.565887,34.250809,,,,,,,
1530639458.541568,-3.125334,-1.067304,1.777848,-0.071104,0.616035,-0.399728,-0.007844,0.875903,0.482424,0.080995,-0.487780,-0.993700,6.231915,4.501419,34.137791,,,,,,,
1530639458.561538,-3.123657,-1.073452,1.795283,0.518437,-1.283057,-0.376346,-0.008556,0.878853,0.477016,0.149807,-0.485771,-1.062618,7.019943,4.994759,33.758823,,,,,,,
1530639458.581506,3.129451,-1.086779,1.804742,0.687563,-2.257364,-0.130472,0.005650,0.885132,0.465305,0.184704,-0.504182,-0.833484,8.272678,5.493988,33.345783,,,,,,,
1530639458.601475,3.085224,-1.101431,1.804252,0.800429,-1.950574,0.038049,0.025483,0.891856,0.451602,0.096099,-0.493967,-0.674654,9.765800,5.910286,32.832302,,,,,,,
1530639458.621444,3.058388,-1.121944,1.799534,1.199021,-0.625690,-0.007270,0.036064,0.900946,0.432430,0.002068,-0.544714,-0.663250,10.439217,6.675316,32.618958,,,,,,,
1530639458.641413,3.054277,-1.153605,1.798615,1.830663,-0.051684,-0.192424,0.035335,0.914231,0.403650,-0.026164,-0.625748,-0.826425,10.770294,8.049026,31.975632,,,,,,,
1530639458.661382,3.051330,-1.196792,1.809882,2.254358,-1.247077,-0.553227,0.032932,0.930872,0.363858,-0.043919,-0.532495,-0.883572,11.502644,9.267647,31.338299,,,,,,,
1530639458.681351,3.038134,-1.247021,1.838230,2.583631,-2.182796,-0.786662,0.032857,0.948041,0.316446,0.023616,-0.227414,-0.725992,12.748367,10.678444,30.494381,,,,,,,
1530639458.701320,3.036968,-1.293015,1.880096,1.462893,-2.017892,-0.954030,0.028638,0.961666,0.272724,0.056933,0.254658,0.050014,13.732033,12.030937,29.556782,,,,,,,
1530639458.721289,3.128148,-1.262261,1.958825,-1.836239,3.314419,-0.694682,0.004083,0.952779,0.303636,-0.105218,2.051325,5.372618,12.729736,11.589005,30.141563,,,,,,,
1530639458.741257,-3.076537,-1.249996,1.967517,-0.157481,2.186416,-0.005122,-0.020499,0.948983,0.314660,0.632957,1.976569,1.660880,11.375748,11.627655,30.507954,,,,,,,
1530639458.761226,-3.074889,-1.253084,1.969718,0.338012,-0.990028,-0.119557,-0.020822,0.949953,0.311700,0.424616,0.484251,-0.015099,11.656570,11.591957,30.087769,,,,,,,
1530639458.781195,-3.082241,-1.273984,1.997877,1.740308,-1.697345,-0.388137,-0.017349,0.956274,0.291959,0.185638,-0.295187,0.096133,12.247608,12.579514,29.009480,,,,,,,
1530639458.801164,-3.054919,-1.333521,2.001317,3.401399,3.206064,0.518361,-0.020348,0.971982,0.234173,0.353569,0.039645,-0.529583,11.280430,14.081657,28.414104,,,,,,,
1530639458.821133,-3.021445,-1.391013,1.946909,2.149135,4.402727,0.894474,-0.021433,0.983882,0.177527,0.259577,0.417378,-0.603262,9.311523,15.281601,28.555016,,,,,,,
1530639458.841102,-2.998880,-1.408718,1.893542,0.133501,3.412946,0.288891,-0.022951,0.986894,0.159729,0.188296,0.517134,-0.651886,7.770370,15.474289,28.758610,,,,,,,
1530639458.861071,-2.965461,-1.400749,1.867970,-0.626714,2.674390,0.170485,-0.029653,0.985577,0.166610,0.241994,-0.196453,-0.451690,6.197514,15.466286,29.031372,,,,,,,
1530639458.881039,-2.977746,-1.388036,1.808039,-0.726303,2.138496,0.565861,-0.029645,0.983346,0.179310,0.233442,-0.528802,-0.351231,5.417912,14.897804,29.429661,,,,,,,
1530639458.901008,-3.032148,-1.378816,1.721139,-0.432451,1.098955,0.820870,-0.020841,0.981628,0.189661,0.093824,-0.710052,-0.455759,4.825512,14.790276,29.339767,,,,,,,
1530639458.920977,-3.125406,-1.377290,1.625495,0.035543,-0.680560,0.958295,-0.003113,0.981336,0.192277,-0.004883,-0.616880,-0.595872,5.156998,14.788467,29.240944,,,,,,,
1530639458.940946,3.015657,-1.381659,1.519386,0.395205,-2.556576,1.007962,0.023615,0.982167,0.186523,-0.020044,-0.226887,-0.620376,6.477005,14.581062,28.665600,,,,,,,
1530639458.960915,2.833747,-1.388836,1.400936,0.704096,-3.618334,0.962882,0.054832,0.983491,0.172451,-0.044364,0.155730,-0.503811,8.382942,14.895187,28.047287,,,,,,,
1530639458.980884,2.631023,-1.399706,1.271209,1.105711,-3.699511,0.710147,0.083200,0.985400,0.148543,-0.138147,0.387357,-0.404525,10.352173,15.152954,26.862408,,,,,,,
1530639459.000853,2.428011,-1.417078,1.134697,1.465191,-3.255708,0.210173,0.100219,0.988209,0.115757,-0.267151,0.373333,-0.293964,11.892258,15.612701,25.396584,,,,,,,
1530639459.020821,2.205769,-1.439892,0.969662,1.721996,-2.743125,-0.174046,0.105088,0.991444,0.077425,-0.274247,0.189250,-0.175600,12.963688,16.546539,24.178783,,,,,,,
1530639459.040790,1.910978,-1.462951,0.720119,1.912411,-2.116856,-0.393079,0.101467,0.994190,0.035914,-0.252835,-0.026234,-0.067423,13.743172,17.333359,23.153046,,,,,,,
1530639459.060759,1.457060,-1.476385,0.289227,2.715899,-0.069713,-0.341082,0.093662,0.995547,-0.010699,-0.244404,-0.170061,0.089251,13.897984,18.147461,21.680038,,,,,,,
1530639459.080728,0.922706,-1.447925,-0.350353,3.654592,7.570265,-0.032751,0.097711,0.992461,-0.073986,-0.322381,-0.233550,1.332028,11.865711,19.552643,21.760429,,,,,,,
1530639459.100697,0.775227,-1.411636,-0.677774,2.437983,9.039667,-0.307134,0.110923,0.987361,-0.113203,-0.242164,-0.040324,0.523847,8.420998,20.871315,22.392090,,,,,,,
1530639459.120666,0.754327,-1.395502,-0.860958,1.172606,7.182635,-0.690861,0.119427,0.984675,-0.127089,-0.227917,0.027272,0.006239,5.235958,21.713760,22.777977,,,,,,,
1530639459.140635,0.778378,-1.399814,-0.953609,-0.087636,5.003754,-0.667437,0.119466,0.985418,-0.121155,-0.124531,-0.040304,0.046204,2.702339,22.158028,23.351395,,,,,,,
1530639459.160604,0.772261,-1.398392,-1.003138,0.716918,0.247161,0.065720,0.119700,0.985175,-0.122887,0.137395,-0.110892,0.085717,1.838352,22.253319,22.770439,,,,,,,
1530639459.180572,0.728077,-1.383137,-1.017668,0.495027,-2.204874,0.589052,0.124143,0.982444,-0.139258,-0.068036,-0.066962,-0.053048,2.373440,22.493935,21.916389,,,,,,,
1530639459.200541,0.714517,-1.370067,-0.972986,0.071713,-3.195499,0.828217,0.130647,0.979921,-0.150616,-0.127854,-0.046984,0.021512,3.736092,22.521751,21.680344,,,,,,,
1530639459.220510,0.702208,-1.359530,-0.913810,0.011620,-3.646441,0.750110,0.135445,0.977766,-0.160087,-0.179909,-0.011335,0.053795,5.052887,22.308647,21.226639,,,,,,,
1530639459.240479,0.648937,-1.348057,-0.894194,0.644221,-3.504641,0.328815,0.133500,0.975296,-0.175998,-0.204880,0.003632,0.089695,6.476307,22.266380,20.477859,,,,,,,
1530639459.260448,0.530995,-1.325002,-0.955631,1.632791,-2.554138,-0.041683,0.123219,0.969944,-0.209822,-0.171055,0.076900,0.192167,7.363876,22.692688,19.068855,,,,,,,
1530639459.280417,0.437762,-1.296545,-1.007748,1.440152,-1.897541,0.160909,0.114807,0.962628,-0.245288,-0.135864,0.129962,0.266269,7.765808,23.373871,18.166176,,,,,,,
1530639459.300386,0.422952,-1.278620,-1.008049,0.281151,0.310394,0.520416,0.118226,0.957619,-0.262656,-0.133210,0.083473,0.788810,7.975727,23.599617,17.680962,,,,,,,
1530639459.320354,0.488510,-1.280169,-0.961622,-0.631177,1.186256,0.497698,0.134482,0.958064,-0.253036,-0.225959,0.081166,0.414672,7.866196,23.595741,17.609413,,,,,,,
1530639459.340323,0.554656,-1.293992,-0.914171,-1.094132,0.909106,0.050474,0.143925,0.961934,-0.232313,-0.381840,0.185085,0.175917,7.467514,23.225700,17.946518,,,,,,,
1530639459.360292,0.604848,-1.315129,-0.882149,-0.946284,1.271656,-0.343016,0.143803,0.967495,-0.208025,-0.489811,0.367222,0.176805,6.912643,22.974335,18.331596,,,,,,,
1530639459.380261,0.654773,-1.333806,-0.884192,-0.927215,3.476070,-0.807136,0.142975,0.972049,-0.186223,-0.689240,0.532971,0.578251,5.600208,23.077301,19.195465,,,,,,,
1530639459.400230,0.758319,-1.380161,-0.874240,-2.406446,5.232056,-1.804255,0.130308,0.981884,-0.137564,-0.839949,0.719090,0.927511,3.271816,22.908142,20.192589,,,,,,,
1530639459.420199,0.956237,-1.450664,-0.769610,-3.003907,3.679258,-2.314435,0.097915,0.992793,-0.069102,-0.488815,0.659063,0.925364,0.739735,21.903511,21.523743,,,,,,,
1530639459.440168,1.454001,-1.522136,-0.276417,-3.247194,-1.659657,-2.568390,0.048311,0.998816,-0.005668,-0.050142,0.405801,-0.104378,-0.633423,20.883438,22.635292,,,,,,,
1530639459.460136,3.086574,-1.513278,1.433377,-3.211876,-4.709068,-2.194124,0.003161,0.998346,0.057400,0.073606,0.239752,-0.585675,-0.344414,19.551659,23.765198,,,,,,,
1530639459.480105,-2.952666,-1.446214,1.786408,-3.176522,-5.664635,-1.618865,-0.023337,0.992250,0.122049,0.114554,0.291930,-0.537332,1.126282,18.291870,24.839382,,,,,,,
1530639459.500074,-2.976077,-1.381533,1.875452,-2.958012,-5.358572,-1.030848,-0.030998,0.982143,0.185565,0.162238,0.536244,-0.494433,2.814838,17.004265,25.338692,,,,,,,
1530639459.520043,-3.034847,-1.328167,1.906108,-2.296929,-3.658139,-0.481806,-0.025598,0.970710,0.238887,0.152047,0.797464,-0.476497,4.595570,15.886032,25.778999,,,,,,,
1530639459.540012,-3.060538,-1.298590,1.911915,-0.933423,-0.248040,-0.081929,-0.021768,0.963180,0.267974,0.175394,0.783738,-0.548156,5.541981,15.042259,25.909885,,,,,,,
1530639459.559981,-3.031536,-1.292008,1.915086,-0.097782,1.958673,-0.119025,-0.030225,0.961389,0.273525,0.170789,0.376761,-0.524471,4.968014,14.978020,26.207546,,,,,,,
1530639459.579950,-2.983311,-1.270183,1.917735,-1.819820,2.211750,-0.237493,-0.046672,0.955155,0.292404,0.346965,-0.177766,0.608795,3.825733,14.480507,26.585590,,,,,,,
1530639459.599919,-2.948175,-1.221057,1.923748,-2.520024,0.954907,-0.758091,-0.065863,0.939462,0.336263,0.149649,-0.300973,-0.181066,3.091286,13.408089,26.916412,,,,,,,
1530639459.619887,-2.911153,-1.177036,1.957531,-1.575530,-0.059023,-1.204459,-0.087631,0.923473,0.373522,0.036804,-0.309505,-0.811251,2.638546,12.618484,27.547440,,,,,,,
1530639459.639856,-2.873060,-1.157508,2.012573,-0.166121,-1.021368,-1.310413,-0.106557,0.915805,0.387230,0.092504,-0.352008,-1.015129,2.547794,12.380836,27.442097,,,,,,,
1530639459.659825,-2.845896,-1.160443,2.078482,0.809068,-1.977688,-1.149621,-0.116252,0.916980,0.381619,0.156703,-0.388477,-0.955685,2.965569,12.590790,27.443272,,,,,,,
1530639459.679794,-2.834081,-1.168493,2.136898,0.554103,-2.056789,-0.873343,-0.118514,0.920162,0.373172,0.143935,-0.380809,-0.442035,3.713890,12.760925,27.215176,,,,,,,
1530639459.699763,-2.838563,-1.169352,2.171911,0.116750,-1.670723,-0.489334,-0.116604,0.920498,0.372944,0.166882,-0.409389,-0.420841,4.368725,13.203629,27.184437,,,,,,,
1530639459.719732,-2.849446,-1.170893,2.186835,0.241577,-0.941381,-0.125842,-0.112130,0.921099,0.372833,0.199365,-0.457201,-0.576629,4.953823,13.543663,26.860584,,,,,,,
1530639459.739701,-2.853753,-1.180413,2.190470,0.620586,-0.048371,0.183960,-0.108029,0.924763,0.364887,0.260495,-0.518788,-0.610034,5.339554,13.611839,26.360851,,,,,,,
1530639459.759670,-2.851531,-1.198742,2.184875,0.981101,0.553488,0.453724,-0.103973,0.931583,0.348343,0.330841,-0.584369,-0.619797,5.515079,14.182419,26.596149,,,,,,,
1530639459.779638,-2.852343,-1.224258,2.174254,1.262231,0.266616,0.578767,-0.096878,0.940554,0.325535,0.362900,-0.600573,-0.671543,5.303402,14.768623,26.195282,,,,,,,
1530639459.799607,-2.868604,-1.254893,2.161490,1.507062,-0.476999,0.665323,-0.083761,0.950516,0.299170,0.404944,-0.544144,-0.653022,5.564617,15.223717,25.628529,,,,,,,
1530639459.819576,-2.908317,-1.289032,2.136474,1.516030,-0.917725,0.862628,-0.064276,0.960566,0.270520,0.430609,-0.382991,-0.426679,6.607941,16.162216,25.071396,,,,,,,
1530639459.839545,-2.976154,-1.314126,2.089449,0.685336,-1.290984,0.761831,-0.041807,0.967241,0.250395,0.261274,0.004195,0.035280,7.505932,16.513214,24.476936,,,,,,,
1530639459.859514,-3.010825,-1.311390,2.066366,-0.344365,0.479126,-0.064211,-0.033447,0.966542,0.254317,-0.111328,1.170680,2.276231,7.591351,16.360359,24.583893,,,,,,,
1530639459.879483,-2.976780,-1.292157,2.087086,-0.818821,0.060682,-0.511990,-0.045127,0.961430,0.271321,-0.203454,1.964381,2.586986,7.546581,16.118233,24.628304,,,,,,,
1530639459.899452,-2.959195,-1.290084,2.125741,0.416594,-1.264788,-0.618914,-0.050252,0.960858,0.272444,-0.491496,0.691226,0.830309,7.796246,16.193039,24.261112,,,,,,,
1530639459.919420,-2.889373,-1.303167,2.200839,1.158602,1.098946,-1.009091,-0.065994,0.964400,0.256079,-0.446183,-0.231139,0.575433,7.124744,16.894356,24.010681,,,,,,,
1530639459.939389,-2.692155,-1.340434,2.332611,2.904305,4.252072,-0.661981,-0.099200,0.973584,0.205655,-0.227384,-0.149945,-0.311887,5.600666,18.142586,23.421516,,,,,,,
1530639459.959358,-2.481146,-1.387209,2.480835,2.470080,2.455058,0.292787,-0.111993,0.983195,0.144169,0.172861,0.433080,-1.037403,4.522789,19.158157,23.074394,,,,,,,
1530639459.979327,-2.406211,-1.417346,2.530958,0.712089,0.850537,0.771876,-0.102543,0.988250,0.113350,0.279789,0.915223,-0.866325,4.139263,19.624023,22.559273,,,,,,,
1530639459.999296,-2.475508,-1.423155,2.442893,-0.531321,0.995625,0.602487,-0.090898,0.989121,0.115661,0.377748,0.620910,-0.448181,3.899609,19.547791,22.370934,,,,,,,
1530639460.019265,-2.561665,-1.419893,2.333677,-0.588927,1.117156,0.590744,-0.082375,0.988636,0.125752,0.343606,-0.124652,-0.303028,3.579823,19.632652,22.845261,,,,,,,
1530639460.039234,-2.651552,-1.418450,2.221748,-0.427666,0.947088,0.752139,-0.071427,0.988418,0.133898,0.254074,-0.557036,-0.237261,3.255493,19.462921,22.996674,,,,,,,
1530639460.059203,-2.750931,-1.421074,2.108231,-0.113826,0.420785,0.858423,-0.056802,0.988813,0.137925,0.185677,-0.796674,-0.275804,3.338890,19.299232,22.806076,,,,,,,
1530639460.079171,-2.846046,-1.428314,2.011025,0.217735,-0.159037,0.721590,-0.041359,0.989866,0.135844,0.166619,-0.616469,-0.236170,3.669071,19.396057,22.660095,,,,,,,
1530639460.099140,-2.927554,-1.439322,1.939565,0.549481,-0.778451,0.562993,-0.027846,0.991370,0.128103,0.249266,-0.292502,-0.197958,4.038448,19.550095,22.390144,,,,,,,
1530639460.119109,-3.016449,-1.460000,1.874319,1.217522,-1.419012,0.573269,-0.013801,0.993868,0.109704,0.305442,0.002286,-0.241449,4.762989,20.077682,21.821838,,,,,,,
1530639460.139078,-3.117600,-1.491026,1.803406,1.644173,-1.563244,0.338296,-0.001912,0.996820,0.079660,0.243824,0.184607,-0.193598,5.274883,20.575394,20.848053,,,,,,,
1530639460.159047,3.092198,-1.525285,1.761536,1.734065,-1.584039,-0.011124,0.002246,0.998965,0.045436,0.177991,0.224043,-0.172023,6.040195,21.009743,20.113953,,,,,,,
1530639460.179016,3.004754,-1.559443,1.705672,1.687445,-1.589062,-0.080752,0.001549,0.999936,0.011247,0.143959,0.069538,-0.117112,6.568462,21.498245,19.078918,,,,,,,
1530639460.198985,0.042243,-1.548966,-1.225133,1.640469,-1.574297,0.021199,0.000922,0.999762,-0.021810,0.096063,-0.057028,-0.055903,7.181519,21.932167,18.063179,,,,,,,
1530639460.218954,0.036498,-1.515390,-1.201871,1.715824,-1.321393,0.161824,0.002021,0.998465,-0.055341,0.033471,-0.115836,0.005003,7.550816,22.539993,17.067123,,,,,,,
1530639460.238922,0.076851,-1.475870,-1.148169,2.222949,-0.031899,0.439816,0.007277,0.995498,-0.094504,-0.047606,-0.155288,0.157232,7.667519,23.035172,16.159203,,,,,,,
1530639460.258891,0.165410,-1.430582,-1.102326,1.946259,3.338273,0.465487,0.023012,0.990186,-0.137848,-0.292497,-0.094907,0.955124,7.343952,23.728462,15.575691,,,,,,,
1530639460.278860,0.242163,-1.403286,-1.107014,1.038739,4.175580,0.111431,0.039982,0.986003,-0.161863,-0.279850,0.046422,0.417341,6.465530,24.052147,15.596222,,,,,,,
1530639460.298829,0.298677,-1.390680,-1.125926,0.430810,3.448210,-0.035511,0.052714,0.983823,-0.171213,-0.168330,0.058581,0.061410,5.526417,24.463783,15.751060,,,,,,,
1530639460.318798,0.349294,-1.388122,-1.133426,0.002820,2.591447,0.002674,0.062170,0.983361,-0.170689,-0.153768,-0.011010,0.030156,4.747673,24.658585,15.908890,,,,,,,
1530639460.338767,0.405950,-1.389161,-1.118966,-0.110653,1.861699,0.176164,0.071332,0.983550,-0.165956,-0.152234,-0.081007,0.022325,4.208462,24.745476,16.270111,,,,,,,
1530639460.358736,0.460316,-1.379304,-1.091712,0.797996,1.065526,0.647965,0.084547,0.981721,-0.170512,-0.168639,-0.113527,-0.033391,4.220985,24.698380,15.983925,,,,,,,
1530639460.378705,0.485876,-1.346320,-1.076525,1.562279,0.230835,0.949642,0.103948,0.974911,-0.196833,-0.249089,-0.061184,0.008875,4.567600,24.983597,15.157387,,,,,,,
1530639460.398673,0.483780,-1.312610,-1.072693,1.367135,-0.608728,0.724419,0.118760,0.966855,-0.226026,-0.314606,0.054874,0.094495,4.988319,25.279510,14.224442,,,,,,,
1530639460.418642,0.460622,-1.287569,-1.074732,0.972048,-1.292250,0.452472,0.124219,0.960159,-0.250329,-0.330594,0.084809,0.153298,5.441444,25.553658,13.616379,,,,,,,
1530639460.438611,0.429076,-1.271709,-1.075272,0.589699,-1.660759,0.282207,0.122582,0.955606,-0.267938,-0.347131,0.121619,0.219247,6.016346,25.788071,13.007111,,,,,,,
1530639460.458580,0.407323,-1.260421,-1.072782,0.421787,-0.471689,0.268161,0.120991,0.952219,-0.280428,-0.352894,0.123022,0.477297,6.516510,25.964233,12.577126,,,,,,,
1530639460.478549,0.432686,-1.260633,-1.058970,-0.413871,0.842365,0.091431,0.127979,0.952284,-0.277086,-0.345402,0.156191,0.711565,6.545052,26.051643,12.366432,,,,,,,
1530639460.498518,0.451602,-1.276277,-1.050733,-0.893972,0.363746,-0.434233,0.126681,0.956942,-0.261179,-0.481631,0.384550,0.198725,6.025143,26.037697,12.715691,,,,,,,
1530639460.518487,0.439500,-1.299920,-1.072280,-1.063393,0.678007,-1.013311,0.113850,0.963537,-0.242146,-0.554951,0.521952,0.325139,5.638588,26.337257,13.174904,,,,,,,
1530639460.538455,0.424129,-1.346928,-1.122514,-2.419082,2.260652,-1.852962,0.091360,0.975046,-0.202333,-0.657736,0.743353,1.031907,4.476765,26.341942,14.184616,,,,,,,
1530639460.558423,0.377553,-1.411465,-1.219949,-2.540781,2.186030,-2.230588,0.058489,0.987334,-0.147484,-0.344317,0.824998,0.807488,3.092369,26.174911,15.263664,,,,,,,
1530639460.578392,0.151951,-1.481486,-1.463371,-3.312959,-0.071246,-2.387467,0.013500,0.996014,-0.088163,0.100483,0.456836,0.578794,1.775002,25.581474,16.668159,,,,,,,
1530639460.598361,-1.092161,-1.532899,-2.679802,-3.488825,-2.304322,-2.241048,-0.033630,0.999282,-0.017450,0.135040,0.203904,-0.216315,1.038986,24.998947,18.247200,,,,,,,
1530639460.618330,-2.194548,-1.481686,2.561940,-3.232180,-3.436811,-1.793032,-0.072235,0.996032,0.051979,0.212234,0.283585,-0.511132,0.999279,24.282799,19.507019,,,,,,,
1530639460.638299,-2.485316,-1.417211,2.339979,-3.187334,-3.473505,-1.118533,-0.093345,0.988229,0.121203,0.324027,0.527320,-0.419268,1.502575,23.209885,20.697823,,,,,,,
1530639460.658268,-2.655328,-1.360932,2.225658,-2.648594,-2.307795,-0.342124,-0.097357,0.978059,0.184178,0.373617,0.786803,-0.499150,2.130474,22.377899,21.979996,,,,,,,
1530639460.678237,-2.756986,-1.328938,2.137344,-1.347557,0.137469,0.541262,-0.089862,0.970895,0.222010,0.520327,0.789893,-0.619898,2.284039,21.823547,22.660652,,,,,,,
1530639460.698205,-2.818800,-1.321256,2.055752,-0.537360,0.798636,0.833481,-0.078339,0.969026,0.234203,0.492050,0.464171,-0.661357,2.211384,21.583473,23.051292,,,,,,,
1530639460.718174,-2.939248,-1.291259,1.965707,-2.414756,-2.587718,0.695885,-0.055449,0.961183,0.270282,0.521193,-0.154558,0.270108,2.918034,21.147499,23.689888,,,,,,,
1530639460.738143,-3.046342,-1.236627,1.901988,-2.905773,-1.810902,0.449259,-0.031194,0.944683,0.326499,0.205144,-0.321316,-0.020224,4.115444,19.802200,24.651413,,,,,,,
1530639460.758112,-3.078961,-1.187027,1.876074,-2.180264,0.419692,0.156762,-0.023435,0.927260,0.373683,0.033369,-0.321929,-0.360347,4.458397,18.763229,25.230751,,,,,,,
1530639460.778081,-3.057468,-1.156522,1.872490,-1.132425,1.553029,-0.156322,-0.033823,0.915409,0.401103,0.003015,-0.323184,-0.642085,3.905670,18.110870,25.982216,,,,,,,
1530639460.798050,-3.015014,-1.144848,1.886816,-0.230075,1.238060,-0.467293,-0.052161,0.910647,0.409879,0.000632,-0.357242,-0.794248,3.043674,17.914864,26.444088,,,,,,,
1530639460.818019,-2.977752,-1.145704,1.919402,0.270711,-0.190757,-0.759943,-0.067267,0.911000,0.406882,-0.039300,-0.357335,-0.811728,2.675365,17.892128,26.642357,,,,,,,
1530639460.837988,-2.962884,-1.146264,1.956981,0.051226,-1.328183,-0.692982,-0.073218,0.911231,0.405335,0.031638,-0.395942,-0.553498,2.811092,18.223991,26.406418,,,,,,,
1530639460.857956,-2.971199,-1.144710,1.977137,0.011867,-1.143616,-0.243005,-0.070085,0.910590,0.407325,0.129488,-0.456565,-0.551215,3.182476,18.282639,26.490643,,,,,,,
1530639460.877925,-2.981353,-1.148203,1.977111,0.295565,-0.113350,0.177402,-0.065438,0.912028,0.404872,0.124748,-0.522868,-0.578594,3.454021,18.505753,26.350212,,,,,,,
1530639460.897894,-2.988348,-1.160139,1.963922,0.700223,0.354980,0.438504,-0.060938,0.916859,0.394534,0.135645,-0.605396,-0.683718,3.561661,18.560913,26.450638,,,,,,,
1530639460.917863,-3.001295,-1.181370,1.947267,1.200251,-0.119003,0.472950,-0.053090,0.925127,0.375927,0.110875,-0.620211,-0.790814,3.783955,19.084465,26.087654,,,,,,,
1530639460.937832,-3.022720,-1.212376,1.938188,1.673992,-0.964441,0.267527,-0.041602,0.936452,0.348320,0.082038,-0.575795,-0.752876,4.295063,19.686226,25.591274,,,,,,,
1530639460.957801,-3.044691,-1.249776,1.943859,1.964318,-1.518253,0.042823,-0.030528,0.948914,0.314055,0.094279,-0.433930,-0.573225,4.957466,20.658066,24.920807,,,,,,,
1530639460.977770,-3.063691,-1.290183,1.951976,1.962982,-1.135370,0.068408,-0.021553,0.960886,0.276104,0.165992,-0.149164,-0.232327,5.686970,21.673973,24.053375,,,,,,,
1530639460.997738,-3.055447,-1.316349,1.967783,1.002132,0.658239,-0.327922,-0.021657,0.967802,0.250776,-0.059093,0.651262,1.355135,5.998966,22.408478,23.368660,,,,,,,
1530639461.017707,-2.950328,-1.307596,2.000702,-0.911098,4.215897,-0.358311,-0.049459,0.965562,0.255427,0.248998,2.256743,4.168355,4.763229,22.699150,23.932354,,,,,,,
1530639461.037676,-2.927071,-1.293492,1.986425,-0.525057,0.381076,0.234914,-0.058279,0.961797,0.267489,0.643270,1.361491,0.846205,3.930088,22.354576,24.471260,,,,,,,
1530639461.057645,-2.965199,-1.299621,1.976317,0.913254,-2.117699,0.095364,-0.047005,0.963457,0.263708,0.353859,0.577803,0.305734,4.433594,22.174721,24.346317,,,,,,,
1530639461.077614,-2.936606,-1.340345,1.993690,2.649446,2.842579,0.277643,-0.046496,0.973563,0.223636,0.158938,0.295068,0.378461,4.377213,22.955421,23.723907,,,,,,,
1530639461.097583,-2.823470,-1.391066,2.018310,2.053534,4.455857,0.399629,-0.055914,0.983892,0.169794,0.186133,0.502040,-0.733743,2.996109,23.928162,23.292854,,,,,,,
1530639461.117552,-2.733296,-1.410871,2.044185,0.472688,2.579207,-0.005637,-0.063228,0.987239,0.146155,0.150661,0.349095,-0.901160,1.726017,24.574974,22.850777,,,,,,,
1530639461.137521,-2.705656,-1.412344,2.037407,-0.116059,1.249890,0.211015,-0.066628,0.987473,0.143032,0.261086,-0.430481,-0.671337,0.810768,24.623787,22.860527,,,,,,,
1530639461.157489,-2.766079,-1.413251,1.963733,-0.177877,0.250491,0.743959,-0.057541,0.987615,0.145961,0.238998,-0.757315,-0.488582,1.005100,24.399994,22.994034,,,,,,,
1530639461.177458,-2.882498,-1.420615,1.856464,0.316748,-1.057009,0.947003,-0.038333,0.988744,0.144623,0.050448,-0.882924,-0.579834,1.708431,24.298981,23.008003,,,,,,,
1530639461.197427,-3.042241,-1.438427,1.737619,0.949051,-2.770824,0.994550,-0.013091,0.991252,0.131332,-0.052720,-0.775401,-0.649383,3.175285,24.771011,22.575256,,,,,,,
1530639461.217396,2.996054,-1.459658,1.560293,1.068893,-3.609521,1.107866,0.016084,0.993831,0.109734,-0.003557,-0.313762,-0.501595,5.075199,25.075745,21.761955,,,,,,,
1530639461.237365,2.676644,-1.469523,1.304063,0.749756,-2.884310,1.132023,0.045330,0.994876,0.090366,-0.021008,0.127316,-0.312046,6.597076,25.065071,21.027184,,,,,,,
1530639461.257334,2.415388,-1.467807,1.085040,0.455156,-1.792616,0.838441,0.068268,0.994701,0.076869,-0.122620,0.394856,-0.305323,7.804558,25.290993,20.285347,,,,,,,
1530639461.277303,2.252675,-1.468176,0.948347,0.641427,-1.068682,0.225190,0.079534,0.994739,0.064563,-0.228749,0.335415,-0.339679,8.472557,25.376030,19.733841,,,,,,,
1530639461.297272,2.086984,-1.481218,0.791660,1.189650,-0.185523,-0.283299,0.077802,0.995991,0.044154,-0.217145,0.172985,-0.263255,8.390556,25.865814,19.458549,,,,,,,
1530639461.317240,1.796163,-1.500556,0.496656,1.575546,0.371488,-0.553284,0.068408,0.997534,0.015683,-0.192690,0.025995,-0.127316,8.149143,26.333115,18.768051,,,,,,,
1530639461.337209,1.250102,-1.511968,-0.065835,1.862692,1.023547,-0.675073,0.055797,0.998270,-0.018534,-0.172450,-0.071604,-0.016440,7.760498,27.094154,18.048813,,,,,,,
1530639461.357178,0.628028,-1.492667,-0.745399,3.004126,5.450593,-0.458820,0.045858,0.996949,-0.063157,-0.224020,-0.115937,0.360459,6.208759,27.889305,16.945221,,,,,,,
1530639461.377147,0.461584,-1.444221,-1.086981,2.675444,9.550293,-0.247883,0.056222,0.992000,-0.113027,-0.187906,-0.084972,0.829427,3.651440,28.875534,16.601707,,,,,,,
1530639461.397116,0.488236,-1.410152,-1.249987,1.621981,9.099431,-0.290587,0.075030,0.987124,-0.141266,-0.126467,0.005414,0.248596,1.137520,29.676605,16.212639,,,,,,,
1530639461.417085,0.572006,-1.396885,-1.328473,0.846335,6.725279,-0.148171,0.093668,0.984915,-0.145492,0.003912,-0.023688,0.713333,-0.762764,30.046387,15.950760,,,,,,,
1530639461.437054,0.581492,-1.380477,-1.370010,0.656473,0.351717,0.273942,0.103907,0.981944,-0.158081,-0.064722,-0.057704,-0.054276,-1.040848,29.965721,15.317711,,,,,,,
1530639461.457023,0.587567,-1.375649,-1.332614,-0.357004,-2.312345,0.526437,0.107492,0.981019,-0.161390,-0.171991,-0.086427,-0.058733,-0.507034,30.237389,15.683426,,,,,,,
1530639461.476991,0.619566,-1.379928,-1.237501,-0.816227,-3.429259,0.671546,0.110162,0.981840,-0.154450,-0.165109,-0.122816,0.003983,0.956253,30.006180,15.970375,,,,,,,
1530639461.496960,0.651844,-1.384914,-1.128070,-0.759415,-3.906097,0.661095,0.112118,0.982774,-0.146921,-0.183514,-0.035508,0.014170,2.256348,30.049370,16.250259,,,,,,,
1530639461.516929,0.651542,-1.384854,-1.048855,-0.121786,-3.804903,0.524278,0.112109,0.982763,-0.147001,-0.211611,0.005732,0.043897,3.651154,29.601952,16.287086,,,,,,,
1530639461.536898,0.575895,-1.368301,-1.062623,1.206973,-2.654095,0.225535,0.109523,0.979568,-0.168674,-0.251308,0.067567,0.145481,4.575310,29.860100,15.489662,,,,,,,
1530639461.556867,0.470792,-1.343494,-1.124911,1.396532,-2.048642,-0.016235,0.102216,0.974278,-0.200832,-0.240064,0.135631,0.202328,5.272774,30.366791,14.419228,,,,,,,
1530639461.576836,0.389783,-1.322102,-1.169655,1.049472,-1.783504,-0.028510,0.093529,0.969235,-0.227675,-0.238900,0.134312,0.230040,5.643551,30.843582,13.298981,,,,,,,
1530639461.596805,0.338287,-1.307848,-1.190749,0.583349,-1.388517,0.024735,0.086263,0.965628,-0.245196,-0.235234,0.080286,0.276065,5.885162,30.969749,12.753922,,,,,,,
1530639461.616774,0.327529,-1.304013,-1.191308,-0.210392,0.728606,0.089795,0.084811,0.964624,-0.249615,-0.224779,0.018683,0.498195,5.983292,31.206207,12.488831,,,,,,,
1530639461.636742,0.413491,-1.323983,-1.164658,-1.420611,3.689737,-0.233544,0.098167,0.969696,-0.223724,-0.261314,0.218384,0.936874,5.503654,31.013153,13.695824,,,,,,,
1530639461.656711,0.501916,-1.359723,-1.156493,-1.667313,4.502032,-0.992744,0.100796,0.977807,-0.183668,-0.486401,0.431221,0.276503,4.213135,30.883400,14.965759,,,,,,,
1530639461.676680,0.593098,-1.401557,-1.198273,-1.685461,7.658441,-1.675135,0.094142,0.985713,-0.139666,-0.664683,0.545781,1.084169,1.754120,30.556175,16.273705,,,,,,,
1530639461.696649,0.709014,-1.462165,-1.205031,-2.726591,3.722164,-1.987159,0.070589,0.994105,-0.082289,-0.419817,0.695088,1.129469,-0.703827,29.952957,17.879776,,,,,,,
1530639461.716618,0.912405,-1.538899,-0.979956,-3.349998,-3.405030,-2.392365,0.025226,0.999491,-0.019513,-0.145191,0.496969,-0.299182,-1.616798,29.284409,19.580269,,,,,,,
1530639461.736587,-2.730664,-1.520953,1.767472,-3.168356,-5.967316,-2.227623,-0.019902,0.998758,0.045675,0.020986,0.275778,-0.559774,-1.173733,27.961952,21.388237,,,,,,,
1530639461.756556,-2.729720,-1.449500,1.889451,-3.034260,-5.975451,-1.696301,-0.048439,0.992653,0.110881,0.061974,0.311043,-0.451197,0.167850,26.910492,23.069534,,,,,,,
1530639461.776524,-2.825086,-1.384689,1.906814,-2.932914,-5.386243,-1.021541,-0.057592,0.982732,0.175844,0.077200,0.557399,-0.431109,1.790833,25.784836,24.131863,,,,,,,
1530639461.796493,-2.927567,-1.329885,1.897393,-2.435923,-4.072618,-0.401432,-0.050675,0.971121,0.233144,0.071015,0.845911,-0.469076,3.303623,24.402206,24.906811,,,,,,,
1530639461.816462,-2.986636,-1.295636,1.883388,-1.228589,-1.042214,-0.001720,-0.041934,0.962382,0.268446,0.070529,0.914739,-0.525846,4.015938,23.557823,25.458572,,,,,,,
1530639461.836431,-2.985582,-1.284358,1.870805,-0.395306,1.484684,0.113745,-0.043900,0.959256,0.279106,0.149445,0.555682,-0.499000,3.723717,23.184242,25.583786,,,,,,,
1530639461.856400,-2.968216,-1.261297,1.839168,-1.802584,2.606263,0.340160,-0.052543,0.952486,0.300016,0.470253,-0.042727,0.569186,2.615791,22.857811,26.265411,,,,,,,
1530639461.876369,-2.958165,-1.217204,1.803555,-2.333250,1.786514,-0.020521,-0.063160,0.938135,0.340462,0.270756,-0.242349,-0.186211,1.618912,21.798935,27.100216,,,,,,,
1530639461.896338,-2.934014,-1.178726,1.809925,-1.485904,0.382760,-0.761094,-0.078748,0.924120,0.373900,0.032025,-0.273577,-0.829573,0.940804,20.762596,27.814461,,,,,,,
1530639461.916307,-2.904856,-1.159200,1.849672,-0.390775,-0.745042,-1.030587,-0.093829,0.916483,0.388914,0.099841,-0.332224,-0.957716,0.598022,20.377243,27.948246,,,,,,,
1530639461.936275,-2.886303,-1.156143,1.896313,0.299091,-1.450709,-0.865545,-0.101735,0.915256,0.389814,0.192693,-0.417438,-0.809828,0.710266,20.466499,27.971832,,,,,,,
1530639461.956244,-2.885732,-1.157534,1.932554,0.096481,-1.680056,-0.575444,-0.101636,0.915815,0.388524,0.192059,-0.451719,-0.443761,1.152351,20.563461,27.816273,,,,,,,
1530639461.976213,-2.906387,-1.151645,1.947274,-0.355234,-1.716586,-0.220285,-0.094844,0.913435,0.395778,0.175563,-0.444273,-0.415507,1.673897,20.264008,27.786121,,,,,,,
1530639461.996182,-2.941581,-1.145329,1.942142,-0.249531,-1.357322,0.182606,-0.082004,0.910846,0.404516,0.180790,-0.474338,-0.592458,2.229218,20.099693,27.490795,,,,,,,
1530639462.016151,-2.976251,-1.146967,1.924126,0.178912,-0.614363,0.478219,-0.067688,0.911521,0.405644,0.182281,-0.473762,-0.658024,2.965862,19.740402,27.451183,,,,,,,
1530639462.036120,-3.000771,-1.157505,1.899093,0.590696,0.220133,0.627763,-0.056371,0.915804,0.397649,0.202214,-0.476748,-0.653218,3.177643,20.177406,27.387436,,,,,,,
1530639462.056089,-3.014791,-1.174996,1.872574,0.905327,0.597662,0.614363,-0.048757,0.922688,0.382449,0.231542,-0.493794,-0.662509,3.219162,20.155876,27.170628,,,,,,,
1530639462.076058,-3.026550,-1.198030,1.852514,1.227717,0.082105,0.443431,-0.041805,0.931323,0.361784,0.244411,-0.478214,-0.726927,3.102432,20.588814,26.807690,,,,,,,
1530639462.096026,-3.045524,-1.228662,1.844300,1.655491,-0.989513,0.222308,-0.032181,0.942041,0.333948,0.246033,-0.384271,-0.724634,3.383690,21.406670,26.317524,,,,,,,
1530639462.115995,-3.076738,-1.263375,1.842001,1.686518,-1.603987,0.161851,-0.019611,0.953117,0.301962,0.251209,-0.188484,-0.400091,4.067928,21.941978,25.460098,,,,,,,
1530639462.135964,-3.103162,-1.284562,1.846582,0.472852,-1.360534,-0.185335,-0.010848,0.959314,0.282130,0.006423,0.225684,0.485143,4.661072,22.496559,25.102898,,,,,,,
1530639462.155933,-3.073238,-1.289900,1.864222,-0.231716,2.137834,-0.159876,-0.018934,0.960807,0.276566,-0.294054,1.401909,3.154175,4.543198,22.426056,25.043354,,,,,,,
1530639462.175902,-3.050248,-1.278751,1.860314,-0.360689,0.529416,0.007389,-0.026262,0.957657,0.286706,-0.037977,1.565353,1.832938,3.857292,22.298553,25.237900,,,,,,,
,,,,,,,,,,,,,,,,39.779340,-84.063654,293.463684,-1.000000,-1.000000,1530639462.147080,
1530639462.195871,-3.040420,-1.280788,1.876891,0.406866,-0.601032,-0.342749,-0.028881,0.958242,0.284494,-0.233905,0.438578,0.464270,3.741688,22.146248,25.122231,,,,,,,
1530639462.215840,-3.024674,-1.301497,1.907634,1.662362,-0.400072,-0.249475,-0.031036,0.963957,0.264236,-0.187379,0.160127,0.410737,3.735546,22.147316,24.367695,,,,,,,
1530639462.235809,-2.944132,-1.356185,1.950364,3.196824,3.008671,0.019157,-0.041779,0.977059,0.208825,-0.034057,0.345680,-0.396157,3.049210,23.138863,23.587593,,,,,,,
1530639462.255777,-2.817010,-1.410011,2.024677,2.302916,2.268620,-0.036359,-0.051054,0.987102,0.151728,0.140486,0.609654,-0.800654,1.889145,24.198380,22.570229,,,,,,,
1530639462.275746,-2.696534,-1.429602,2.111283,0.512317,1.581357,-0.339820,-0.060581,0.990049,0.127012,0.235035,0.463549,-0.514234,0.927048,24.876976,21.806465,,,,,,,
1530639462.295715,-2.637357,-1.427010,2.141134,-0.200391,1.439913,-0.125824,-0.069226,0.989681,0.125452,0.325711,-0.311946,-0.351358,0.146591,24.863831,21.628830,,,,,,,
1530639462.315684,-2.647840,-1.424398,2.104457,-0.220861,1.137574,0.334541,-0.069132,0.989303,0.128446,0.286112,-0.654357,-0.295713,-0.394741,24.661110,21.383492,,,,,,,
1530639462.335653,-2.704002,-1.427946,2.036250,0.056010,0.143131,0.613683,-0.060324,0.989814,0.128942,0.155555,-0.793617,-0.390112,-0.635090,24.706123,21.209015,,,,,,,
1530639462.355622,-2.800800,-1.438618,1.953615,0.389466,-1.294325,0.780069,-0.044048,0.991277,0.124207,0.108699,-0.695638,-0.450349,-0.166630,24.934181,21.265228,,,,,,,
1530639462.375591,-2.947358,-1.452167,1.846306,0.500262,-2.340257,0.850419,-0.022842,0.992972,0.116116,0.142196,-0.257300,-0.370312,0.777920,24.769012,21.037827,,,,,,,
1530639462.395560,-3.140066,-1.464884,1.701926,0.600770,-2.394529,0.871734,-0.000161,0.994397,0.105703,0.190377,0.142246,-0.292944,1.980766,24.810623,20.543259,,,,,,,
1530639462.415528,2.926611,-1.478287,1.522789,0.872309,-1.598827,0.731391,0.019705,0.995724,0.090242,0.170038,0.356006,-0.254411,3.354366,24.908806,19.885773,,,,,,,
1530639462.435497,2.732911,-1.495591,1.354143,1.120971,-1.180094,0.190417,0.029855,0.997173,0.068938,-0.000237,0.306217,-0.240660,3.796101,25.209946,19.196663,,,,,,,
1530639462.455466,2.541876,-1.517752,1.185794,1.285412,-1.154464,-0.171433,0.029918,0.998594,0.043758,-0.050045,0.086535,-0.181911,4.104603,25.604210,18.620789,,,,,,,
1530639462.475435,2.114391,-1.540266,0.780668,1.421173,-1.116556,-0.232021,0.026114,0.999534,0.015782,-0.038337,-0.115348,-0.105351,4.189827,26.016174,17.920845,,,,,,,
1530639462.495404,0.969424,-1.544019,-0.344026,1.583306,-0.963486,-0.185556,0.022070,0.999641,-0.015144,-0.062231,-0.189339,-0.042550,4.416096,26.286057,16.921532,,,,,,,
1530639462.515373,0.389592,-1.505866,-0.934210,2.817793,2.521918,0.345486,0.024643,0.997893,-0.060020,-0.166824,-0.185423,0.409813,3.956654,26.783966,15.827980,,,,,,,
1530639462.535342,0.345920,-1.461144,-1.082319,1.846051,6.127028,-0.046312,0.037105,0.993994,-0.102951,-0.519496,0.046732,1.077133,2.598820,27.461205,15.366920,,,,,,,
1530639462.555310,0.346535,-1.441818,-1.203407,0.810496,5.651303,-0.485156,0.043685,0.991694,-0.120975,-0.269545,0.060995,0.219073,0.977924,27.654892,15.070473,,,,,,,
1530639462.575280,0.349461,-1.438889,-1.292532,0.075598,3.888466,-0.467483,0.045033,0.991313,-0.123575,-0.105046,0.001729,-0.063040,-0.344532,27.895065,14.930840,,,,,,,
1530639462.595249,0.351141,-1.440810,-1.342466,0.179216,1.632787,-0.258368,0.044586,0.991564,-0.121711,-0.053985,-0.137178,-0.141686,-1.032066,27.693115,14.722511,,,,,,,
1530639462.615218,0.320390,-1.432676,-1.376846,0.511592,-0.535400,0.058736,0.043361,0.990477,-0.130675,-0.009425,-0.208921,-0.152604,-1.053181,27.763435,14.654503,,,,,,,
1530639462.635187,0.328887,-1.422313,-1.343475,0.357455,-1.553572,0.596893,0.047783,0.988997,-0.140010,0.038674,-0.211455,-0.008168,-0.622021,27.688995,14.516624,,,,,,,
1530639462.655156,0.373604,-1.410244,-1.258744,0.358217,-2.170581,0.904521,0.058345,0.987139,-0.148835,0.005269,-0.106936,0.011963,0.210842,27.920174,14.390953,,,,,,,
1530639462.675125,0.400542,-1.395226,-1.181638,0.517264,-2.603954,0.829552,0.068107,0.984627,-0.160845,-0.077003,-0.008904,0.026827,1.010262,27.766724,13.904617,,,,,,,
1530639462.695094,0.385284,-1.378253,-1.141626,0.719841,-2.777636,0.553688,0.071916,0.981521,-0.177329,-0.126253,0.040147,0.067588,1.926537,27.844727,13.480110,,,,,,,
1530639462.715063,0.338685,-1.359110,-1.134165,0.978377,-2.599693,0.351183,0.069808,0.977678,-0.198173,-0.144576,0.109862,0.126075,2.592804,27.837181,12.846375,,,,,,,
1530639462.735031,0.291811,-1.332227,-1.138256,1.500070,-1.806471,0.397979,0.067984,0.971677,-0.226322,-0.179388,0.131839,0.212910,3.005711,28.114426,12.138382,,,,,,,
1530639462.755000,0.260962,-1.297434,-1.144455,1.753883,-0.926549,0.371472,0.069655,0.962869,-0.260830,-0.249983,0.155112,0.285229,3.365993,28.290764,11.246819,,,,,,,
1530639462.774969,0.289582,-1.278488,-1.141523,-0.061868,3.217103,0.203744,0.082286,0.957581,-0.276165,-0.331965,0.108443,1.685909,3.082058,28.497299,10.873360,,,,,,,
1530639462.794938,0.391236,-1.301735,-1.124165,-1.578512,4.287274,-0.431740,0.101368,0.964021,-0.245741,-0.446537,0.363402,0.658628,2.251644,28.185959,11.910172,,,,,,,
1530639462.814907,0.466171,-1.338606,-1.127021,-1.495541,3.845963,-0.951369,0.103427,0.973165,-0.205556,-0.501224,0.477137,0.180318,1.051292,27.948112,13.030846,,,,,,,
1530639462.834876,0.508076,-1.375103,-1.162473,-1.753852,3.478339,-1.415231,0.094598,0.980913,-0.169885,-0.770013,0.531965,0.895501,-0.488495,27.713791,13.978317,,,,,,,
1530639462.854845,0.508045,-1.437871,-1.191474,-3.000627,-0.059593,-1.852564,0.064474,0.991178,-0.115795,-0.741964,0.654589,0.653576,-1.638027,26.960953,15.002762,,,,,,,
1530639462.874814,0.414886,-1.512342,-1.243645,-3.307563,-3.001878,-1.947601,0.023548,0.998292,-0.053464,-0.264866,0.496764,0.058453,-2.018938,25.922958,16.592819,,,,,,,
1530639462.894783,-2.193172,-1.550519,2.512820,-3.216434,-4.690174,-1.893085,-0.016472,0.999794,0.011819,-0.046043,0.289817,-0.376550,-1.810347,24.730957,18.325920,,,,,,,
1530639462.914751,-2.605141,-1.480038,2.205864,-3.120087,-5.476012,-1.600227,-0.046322,0.995884,0.077903,0.008267,0.363445,-0.514762,-0.916168,23.296005,19.472961,,,,,,,
1530639462.934720,-2.750363,-1.413065,2.168064,-3.082324,-5.245505,-1.092613,-0.059898,0.987586,0.145209,0.104515,0.622826,-0.448981,0.259716,22.259941,20.862946,,,,,,,
1530639462.954689,-2.867417,-1.354471,2.140198,-2.614745,-3.783959,-0.470403,-0.058115,0.976693,0.206624,0.159571,0.907844,-0.476400,1.527847,21.039558,21.635033,,,,,,,
1530639462.974658,-2.940373,-1.318155,2.100017,-1.343716,-0.220987,0.335644,-0.049959,0.968255,0.244919,0.318864,0.967673,-0.530946,1.944397,20.243004,22.447929,,,,,,,
1530639462.994627,-2.957542,-1.310871,2.047316,-0.081013,2.425879,0.642326,-0.047036,0.966409,0.252669,0.331414,0.608054,-0.661589,1.487316,20.099808,22.644356,,,,,,,
1530639463.014596,-3.001716,-1.289040,1.974967,-2.430697,0.003876,0.914546,-0.038765,0.960568,0.275328,0.607445,-0.108258,0.556535,1.285103,19.405106,23.108459,,,,,,,
1530639463.034565,-3.098053,-1.225739,1.894134,-3.419051,-1.144721,0.877484,-0.014723,0.941056,0.337930,0.371565,-0.399369,-0.117913,1.732998,17.997162,23.909500,,,,,,,
1530639463.054534,3.140872,-1.167285,1.860321,-2.520458,-0.263784,0.354458,0.000283,0.919688,0.392650,0.018211,-0.399699,-0.588191,2.247128,16.739723,24.496235,,,,,,,
1530639463.074503,-3.141017,-1.134080,1.858935,-1.149931,0.269236,-0.164494,-0.000243,0.906146,0.422966,-0.020799,-0.384905,-0.834419,2.202774,15.803574,24.722179,,,,,,,
1530639463.094472,-3.118669,-1.125284,1.879028,-0.055960,0.098386,-0.572800,-0.009877,0.902390,0.430807,-0.034907,-0.378632,-0.844610,1.660870,15.723953,24.384727,,,,,,,
1530639463.114441,-3.093900,-1.131165,1.912190,0.432181,-0.519851,-0.749238,-0.020291,0.904908,0.425122,0.008175,-0.409486,-0.732785,1.695835,15.664513,24.294979,,,,,,,
1530639463.134409,-3.082890,-1.135010,1.947074,0.063654,-1.315066,-0.674724,-0.024765,0.906538,0.421396,0.038224,-0.409727,-0.510157,1.713623,15.580009,24.228371,,,,,,,
1530639463.154378,-3.093924,-1.132526,1.969406,-0.125626,-1.606502,-0.346240,-0.020222,0.905487,0.423893,0.081013,-0.425720,-0.593494,2.219696,15.581223,23.968254,,,,,,,
1530639463.174347,-3.112332,-1.132350,1.976987,0.097505,-0.964861,-0.075893,-0.012420,0.905412,0.424352,0.054382,-0.444414,-0.632680,2.579643,15.515869,23.662952,,,,,,,
1530639463.194316,-3.120141,-1.139125,1.976689,0.506263,-0.049662,0.056817,-0.008974,0.908268,0.418293,0.042925,-0.480015,-0.674289,2.641594,15.465477,23.670513,,,,,,,
1530639463.214285,-3.118706,-1.155830,1.973462,1.017771,0.246973,0.078675,-0.009226,0.915130,0.403054,0.070444,-0.549316,-0.761849,2.526733,15.686966,23.406425,,,,,,,
1530639463.234254,-3.120804,-1.182021,1.975791,1.476606,-0.597552,-0.098534,-0.007879,0.925374,0.378973,0.061453,-0.523290,-0.817312,2.772877,15.951881,23.182999,,,,,,,
1530639463.254223,-3.131519,-1.215870,1.991459,1.769203,-1.563044,-0.334964,-0.003501,0.937672,0.347504,0.054129,-0.378087,-0.696411,2.928562,16.476265,22.740120,,,,,,,
1530639463.274192,-3.137265,-1.249271,2.014586,1.517919,-1.096695,-0.394744,-0.001368,0.948755,0.316011,0.092386,-0.143197,-0.209566,3.273094,17.248360,22.154434,,,,,,,
1530639463.294161,-3.098424,-1.262986,2.052244,0.344601,1.507962,-0.733131,-0.013075,0.952999,0.302690,-0.100359,0.455234,1.256422,3.155102,17.062218,21.836746,,,,,,,
1530639463.314130,-2.965527,-1.271230,2.100120,0.091298,4.800432,-0.486989,-0.051690,0.955465,0.290544,0.137017,1.779795,3.491973,1.390408,17.344131,22.006958,,,,,,,
1530639463.334099,-2.925782,-1.265910,2.105711,-0.263144,-0.236842,0.023132,-0.064281,0.953881,0.293221,0.474483,1.515861,0.958351,0.516262,16.979996,21.929482,,,,,,,
1530639463.354068,-2.973126,-1.262768,2.098139,-0.091993,-2.677893,0.056992,-0.050835,0.952933,0.298889,0.225960,0.527093,0.176026,0.999863,16.686737,21.668060,,,,,,,
1530639463.374037,-3.030189,-1.274866,2.101002,1.348821,-2.624303,0.061298,-0.032421,0.956531,0.289822,0.094159,0.182873,0.393039,1.793316,16.640503,21.226898,,,,,,,
1530639463.394005,-3.027231,-1.328448,2.096210,3.178198,2.273313,0.520544,-0.027385,0.970777,0.238416,0.160365,0.179202,-0.399335,1.777882,17.136467,20.461960,,,,,,,
1530639463.413974,-2.970280,-1.388972,2.082562,2.555132,3.733009,0.504028,-0.030826,0.983515,0.178177,0.054233,0.253316,-0.621567,0.488873,18.026726,19.600235,,,,,,,
1530639463.433943,-2.892087,-1.417307,2.090291,0.779506,3.400193,0.027396,-0.037752,0.988244,0.148153,0.099626,0.044685,-0.468358,-0.717571,18.613098,18.710808,,,,,,,
1530639463.453912,-2.812587,-1.420808,2.107018,-0.009452,2.975952,-0.046046,-0.048280,0.988773,0.141411,0.213303,-0.495868,-0.368111,-1.789406,18.512863,18.519730,,,,,,,
1530639463.473881,-2.788419,-1.421109,2.083110,0.002514,1.956761,0.312373,-0.051580,0.988818,0.139924,0.232595,-0.728182,-0.447724,-2.727545,18.413261,18.045967,,,,,,,
1530639463.493850,-2.823876,-1.428824,2.027823,0.370460,0.337231,0.626352,-0.044202,0.989939,0.134412,0.124281,-0.741327,-0.551572,-2.940628,18.248001,17.741753,,,,,,,
1530639463.513819,-2.929674,-1.441341,1.930491,0.415843,-0.865585,0.877834,-0.027153,0.991632,0.126203,0.093437,-0.434992,-0.408247,-2.933247,18.317078,17.446297,,,,,,,
1530639463.533788,-3.097220,-1.449985,1.788056,0.255847,-1.498695,0.967084,-0.005346,0.992711,0.120395,0.065069,0.036494,-0.366199,-2.439718,18.254814,17.253326,,,,,,,
1530639463.553757,2.987379,-1.454859,1.617787,0.369976,-1.390677,0.985799,0.017768,0.993287,0.114300,0.070535,0.368865,-0.381832,-1.941572,18.134560,16.999504,,,,,,,
1530639463.573725,2.791762,-1.462110,1.445523,0.726623,-1.161482,0.710236,0.037176,0.994099,0.101897,-0.031637,0.368373,-0.349837,-1.297625,18.167641,16.812668,,,,,,,
1530639463.593694,2.617226,-1.475005,1.293502,1.007041,-1.179521,0.272515,0.047884,0.995416,0.082790,-0.133196,0.180732,-0.251110,-1.003277,18.219673,16.497177,,,,,,,
1530639463.613663,2.426918,-1.492531,1.126196,1.208579,-1.171017,-0.008931,0.051239,0.996939,0.059052,-0.130630,-0.039923,-0.163514,-0.817532,18.483406,15.964989,,,,,,,
1530639463.633632,2.133598,-1.512058,0.853957,1.415637,-1.020740,-0.199154,0.049646,0.998275,0.031319,-0.142526,-0.155319,-0.091637,-0.614677,18.420166,15.345238,,,,,,,
1530639463.653601,1.413928,-1.523532,0.141703,2.669736,0.521629,0.032183,0.046663,0.998883,-0.007381,-0.177842,-0.169736,0.017894,-0.827469,19.040283,14.903023,,,,,,,
1530639463.673570,0.610476,-1.468823,-0.740008,4.188511,5.897043,0.375172,0.058356,0.994805,-0.083410,-0.415121,-0.043435,0.839895,-1.344255,19.556122,13.747139,,,,,,,
1530639463.693538,0.487891,-1.413125,-1.012120,2.669385,7.710843,-0.360238,0.073605,0.987596,-0.138699,-0.520856,0.131927,0.700039,-2.817875,20.401497,12.438393,,,,,,,
1530639463.713507,0.474575,-1.389959,-1.164200,1.004026,6.075495,-0.695493,0.082186,0.983693,-0.159977,-0.254900,0.041880,0.176182,-4.226858,20.449654,11.349426,,,,,,,
1530639463.733476,0.504485,-1.395195,-1.224221,-0.443120,3.317027,-0.499229,0.084442,0.984622,-0.152936,-0.072739,-0.103305,0.224210,-5.424049,20.315750,10.495735,,,,,,,
1530639463.753445,0.495440,-1.395543,-1.242630,0.344745,-0.968242,0.082144,0.082892,0.984682,-0.153392,-0.030662,-0.185137,-0.191914,-6.108816,20.243866,10.625778,,,,,,,
1530639463.773414,0.462488,-1.386912,-1.231769,0.248423,-2.699998,0.363871,0.081583,0.983141,-0.163639,-0.108911,-0.132311,-0.034404,-5.874529,20.017319,10.741211,,,,,,,
1530639463.793383,0.439378,-1.381342,-1.190873,0.020833,-3.376551,0.512947,0.080108,0.982107,-0.170435,-0.087768,-0.113897,0.052759,-5.370033,19.817413,10.867470,,,,,,,
1530639463.813352,0.417394,-1.376509,-1.140870,0.043869,-3.628324,0.523351,0.078265,0.981186,-0.176492,-0.089175,-0.045196,0.078424,-4.658875,19.726639,11.277885,,,,,,,
1530639463.833321,0.378185,-1.370266,-1.106752,0.249749,-3.602920,0.351949,0.073547,0.979961,-0.185113,-0.106232,-0.003811,0.112878,-4.192280,19.587723,11.401962,,,,,,,
1530639463.853290,0.309633,-1.358805,-1.109430,0.773295,-3.033577,0.048205,0.064113,0.977614,-0.200402,-0.097606,0.012788,0.164269,-3.746536,19.413528,11.598923,,,,,,,
1530639463.873259,0.235179,-1.338226,-1.135783,1.172882,-2.106218,0.019294,0.053706,0.973077,-0.224135,-0.064539,-0.006631,0.237272,-3.679136,19.402008,11.494865,,,,,,,
1530639463.893228,0.189849,-1.316351,-1.147425,1.009341,-1.484296,0.126498,0.047500,0.967803,-0.247187,-0.113632,0.100526,0.249827,-3.442440,19.366539,11.368446,,,,,,,
1530639463.913197,0.167722,-1.300579,-1.146865,0.622132,-0.936748,0.144053,0.044562,0.963713,-0.263195,-0.175834,0.170183,0.267559,-3.401375,19.403519,11.629044,,,,,,,
1530639463.933166,0.157091,-1.293255,-1.145145,0.195081,-0.411476,0.032503,0.042865,0.961732,-0.270618,-0.215656,0.208098,0.280353,-3.537987,19.266945,12.090187,,,,,,,
1530639463.953135,0.162220,-1.294564,-1.151570,-0.257613,1.987960,-0.195922,0.044049,0.962090,-0.269152,-0.278378,0.241325,0.473787,-3.838776,19.122154,12.494545,,,,,,,
1530639463.973104,0.243841,-1.314309,-1.184364,-1.256243,7.261278,-0.933151,0.061247,0.967287,-0.246179,-0.486601,0.505812,1.476419,-5.437895,18.844025,12.319786,,,,,,,
1530639463.993073,0.361531,-1.360317,-1.251436,-2.430232,10.100785,-1.709353,0.073899,0.977931,-0.195422,-0.462617,0.534917,1.410021,-7.823626,18.226891,12.175217,,,,,,,
1530639464.013041,0.459949,-1.424453,-1.312601,-2.677374,5.155652,-1.757530,0.064731,0.989311,-0.130668,-0.285388,0.617562,0.941901,-9.479595,17.254646,12.218483,,,,,,,
1530639464.033010,0.410343,-1.493773,-1.373972,-3.218935,-1.576932,-1.921193,0.030697,0.997035,-0.070560,-0.241710,0.549535,-0.288448,-10.290375,16.197800,13.325653,,,,,,,
1530639464.052979,-1.224864,-1.557037,-2.931948,-3.326258,-4.953989,-2.050655,-0.012944,0.999905,-0.004665,-0.101741,0.407764,-0.687412,-9.968836,15.036301,15.289497,,,,,,,
1530639464.072948,-2.511935,-1.490634,2.181246,-3.274653,-6.270586,-1.787928,-0.047154,0.996789,0.064719,-0.009655,0.469367,-0.597800,-8.918879,13.715004,17.449852,,,,,,,
1530639464.092917,-2.702425,-1.419551,2.118280,-3.199930,-6.358961,-1.303815,-0.064063,0.988584,0.136372,0.063559,0.607577,-0.469868,-7.355732,12.629692,19.354301,,,,,,,
1530639464.112886,-2.843166,-1.356122,2.098832,-2.878116,-5.853743,-0.786037,-0.062634,0.977046,0.203613,0.099759,0.814168,-0.455398,-5.247875,11.348480,20.827751,,,,,,,
1530639464.132855,-2.952663,-1.307460,2.085921,-2.039070,-4.025549,-0.202693,-0.048887,0.965527,0.255671,0.170637,0.892933,-0.465281,-3.550745,10.550346,21.791710,,,,,,,
1530639464.152824,-3.018298,-1.283854,2.061398,-0.687005,-0.911056,0.322074,-0.034807,0.959114,0.280872,0.248811,0.643151,-0.518772,-2.843924,10.543915,22.488747,,,,,,,
1530639464.172793,-3.052003,-1.274217,2.012904,-0.929062,1.315024,0.887592,-0.026147,0.956342,0.291078,0.450174,0.085925,0.180342,-2.812950,10.238670,22.619873,,,,,,,
1530639464.192762,-3.098730,-1.239018,1.929645,-2.240693,1.749115,1.232618,-0.013957,0.945465,0.325425,0.513820,-0.344314,0.262679,-3.249800,9.607002,22.903610,,,,,,,
1530639464.212731,-3.116691,-1.194438,1.869687,-2.113808,1.982285,0.712543,-0.009151,0.930009,0.367422,0.165997,-0.399721,-0.452871,-3.699512,9.152710,23.234337,,,,,,,
1530639464.232700,-3.089680,-1.163746,1.857580,-1.165151,1.795765,-0.136482,-0.020543,0.918293,0.395369,0.027181,-0.420551,-0.846877,-4.317308,8.754349,23.236359,,,,,,,
1530639464.252669,-3.046051,-1.151245,1.878057,-0.276296,0.818240,-0.576692,-0.038860,0.913272,0.405493,0.097972,-0.491107,-0.930822,-4.747099,8.674934,23.577595,,,,,,,
1530639464.272638,-3.021077,-1.151287,1.907482,0.229324,-0.702141,-0.559216,-0.048969,0.913289,0.404358,0.180683,-0.524480,-0.925171,-4.511177,8.617516,23.626896,,,,,,,
1530639464.292607,-3.041692,-1.157420,1.923523,0.352661,-2.337063,-0.083082,-0.040064,0.915770,0.399701,0.253595,-0.558531,-0.930875,-3.649448,8.701523,23.666885,,,,,,,
1530639464.312576,-3.103729,-1.161669,1.913432,0.088036,-2.576232,0.353228,-0.015059,0.917468,0.397524,0.179823,-0.537174,-0.638888,-2.333818,8.906166,23.733913,,,,,,,
1530639464.332545,3.126107,-1.162082,1.892527,0.038016,-1.044340,0.405372,0.006154,0.917633,0.397382,0.044596,-0.482559,-0.497388,-1.452190,8.960220,24.004387,,,,,,,
1530639464.352514,3.113514,-1.168521,1.876428,0.561177,0.686411,0.248517,0.010992,0.920173,0.391359,0.039622,-0.484366,-0.654527,-1.311699,9.168503,23.957676,,,,,,,
1530639464.372483,3.121106,-1.188741,1.865946,1.270973,0.746564,0.136621,0.007637,0.927900,0.372750,0.131034,-0.574782,-0.867562,-1.358330,9.684227,23.745029,,,,,,,
1530639464.392451,3.119379,-1.220924,1.863692,1.767136,-0.581037,-0.105878,0.007614,0.939416,0.342694,0.155609,-0.556329,-0.874279,-0.900898,10.322128,23.309082,,,,,,,
1530639464.412420,3.103241,-1.260055,1.880691,2.039551,-2.047119,-0.426466,0.011724,0.952107,0.305539,0.113536,-0.337636,-0.723920,0.054794,10.883705,22.902084,,,,,,,
1530639464.432389,3.084086,-1.295716,1.906752,1.254659,-2.295919,-0.488320,0.015612,0.962403,0.271175,0.186796,0.024520,-0.078335,0.913040,11.671669,22.702652,,,,,,,
1530639464.452358,3.115578,-1.274596,1.962197,-2.064502,0.851534,-0.677180,0.007592,0.956452,0.291790,-0.214105,1.213683,3.579701,1.466663,11.436584,22.596245,,,,,,,
1530639464.472327,-3.102580,-1.248023,1.960674,-0.817582,2.962836,0.292533,-0.012372,0.948359,0.316957,0.606351,2.129781,3.047316,0.588360,10.910744,22.683426,,,,,,,
1530639464.492296,-3.108865,-1.241087,1.937498,-0.147508,-0.170855,0.372736,-0.010594,0.946136,0.323594,0.554265,0.678589,0.118804,0.379921,10.930649,22.928230,,,,,,,
1530639464.512265,-3.136777,-1.250744,1.926106,0.965946,-1.026630,0.035332,-0.001515,0.949219,0.314611,0.311345,0.030746,-0.054083,0.721958,11.299767,22.619461,,,,,,,
1530639464.532234,-3.134814,-1.299343,1.921688,3.132729,1.698233,0.194694,-0.001818,0.963382,0.268124,0.232881,0.168988,-0.313611,0.589233,12.398094,22.176773,,,,,,,
1530639464.552203,-3.100718,-1.358150,1.896302,2.517282,3.127675,0.402286,-0.008624,0.977476,0.210870,0.174182,0.591433,-0.772454,-0.324829,13.600922,21.771667,,,,,,,
1530639464.572173,-3.056884,-1.387820,1.887109,0.916190,2.287514,0.010864,-0.015395,0.983306,0.181304,0.060881,0.537629,-0.740066,-1.412571,14.532600,21.319008,,,,,,,
1530639464.592142,-3.015975,-1.396017,1.891606,0.201607,1.618282,0.082127,-0.021786,0.984765,0.172521,0.138913,-0.239724,-0.542974,-2.202902,14.909584,21.279366,,,,,,,
1530639464.612111,-3.029247,-1.397876,1.850693,0.000840,1.193511,0.536271,-0.019289,0.985087,0.170975,0.160387,-0.589930,-0.382507,-2.554190,14.848160,21.158287,,,,,,,
1530639464.632080,-3.094193,-1.399455,1.768779,0.076796,0.462275,0.756268,-0.008079,0.985357,0.170313,0.025428,-0.723379,-0.370539,-2.684107,15.063972,21.046761,,,,,,,
1530639464.652049,3.096570,-1.405566,1.683767,0.450126,-1.038537,0.664163,0.007403,0.986380,0.164313,-0.131197,-0.647513,-0.549323,-2.294518,15.315742,20.948761,,,,,,,
1530639464.672018,2.979508,-1.415818,1.602624,0.618018,-2.235566,0.551981,0.024910,0.988015,0.152334,-0.133857,-0.298669,-0.468359,-1.599733,15.629295,20.837593,,,,,,,
1530639464.691987,2.843197,-1.426497,1.516363,0.706762,-2.662328,0.482110,0.042274,0.989607,0.137443,-0.106056,0.070375,-0.387061,-0.661121,15.946732,20.567009,,,,,,,
1530639464.711956,2.689435,-1.438706,1.411838,0.924289,-2.312013,0.417848,0.057543,0.991289,0.118471,-0.137515,0.259901,-0.329286,0.453697,16.457092,20.503929,,,,,,,
1530639464.731925,2.524395,-1.455532,1.281381,1.259905,-1.457934,0.133655,0.066562,0.993364,0.093791,-0.244922,0.265196,-0.225764,1.111095,16.919983,20.127663,,,,,,,
1530639464.751894,2.337522,-1.478492,1.113542,1.525795,-0.752435,-0.211982,0.066382,0.995743,0.063948,-0.274848,0.155136,-0.139220,1.546997,17.297562,19.728577,,,,,,,
1530639464.771863,2.043819,-1.503752,0.827521,1.716237,-0.261951,-0.430585,0.059639,0.997753,0.030522,-0.251885,0.008869,-0.086338,1.602661,17.923294,19.138550,,,,,,,
1530639464.791831,1.471793,-1.520051,0.254833,1.814940,0.152166,-0.456604,0.050474,0.998713,-0.005013,-0.191953,-0.100855,-0.018531,1.542549,18.693214,18.533897,,,,,,,
1530639464.811800,0.777925,-1.510127,-0.453791,2.107825,1.212488,-0.392060,0.042553,0.998160,-0.043194,-0.160214,-0.130378,0.088970,1.225609,19.506294,17.826065,,,,,,,
1530639464.831769,0.417497,-1.469230,-0.909111,2.721675,7.032570,-0.454665,0.041112,0.994847,-0.092682,-0.230580,-0.017567,1.183304,-0.016933,20.269905,16.982689,,,,,,,
1530639464.851737,0.383744,-1.432969,-1.112287,1.747860,8.676345,-0.414783,0.051438,0.990517,-0.127397,-0.068619,-0.003548,0.590883,-2.177643,21.119400,16.043129,,,,,,,
1530639464.871706,0.422084,-1.415326,-1.231873,0.833462,7.132921,-0.509542,0.063433,0.987939,-0.141253,-0.098315,0.063804,0.087085,-4.320177,21.572426,15.051537,,,,,,,
1530639464.891676,0.424220,-1.401756,-1.331025,1.209185,3.255648,-0.321936,0.069247,0.985747,-0.153322,-0.049944,-0.039580,0.026628,-5.662064,21.973228,14.246712,,,,,,,
1530639464.911645,0.380669,-1.381876,-1.382807,0.869652,-1.008563,0.141063,0.069774,0.982208,-0.174353,-0.042232,-0.113250,-0.041436,-5.901711,22.474312,13.699326,,,,,,,
1530639464.931614,0.356193,-1.371627,-1.362833,0.174088,-2.721735,0.477795,0.068993,0.980231,-0.185434,-0.057290,-0.155860,0.056345,-5.368959,22.796989,13.690849,,,,,,,
1530639464.951583,0.345115,-1.368149,-1.308698,-0.085757,-3.436708,0.596835,0.068088,0.979537,-0.189395,-0.063449,-0.145919,0.090945,-4.330652,22.849846,13.983513,,,,,,,
1530639464.971552,0.325215,-1.365009,-1.255140,0.050165,-3.678008,0.524124,0.065288,0.978900,-0.193626,-0.071651,-0.065738,0.099692,-3.183571,22.854118,14.181885,,,,,,,
1530639464.991521,0.280361,-1.355165,-1.229054,0.649427,-3.345675,0.328431,0.059204,0.976842,-0.205609,-0.082397,-0.025685,0.139996,-2.144110,23.263687,14.156120,,,,,,,
1530639465.011490,0.225940,-1.333169,-1.227312,1.243075,-2.471329,0.293964,0.052734,0.971899,-0.229414,-0.096130,0.014719,0.225782,-1.276104,23.514626,13.891945,,,,,,,
1530639465.031459,0.188802,-1.307438,-1.223472,1.184059,-1.840006,0.313813,0.048858,0.965521,-0.255697,-0.140823,0.114298,0.268576,-0.565929,23.865730,13.467377,,,,,,,
1530639465.051428,0.165309,-1.287902,-1.215133,0.773351,-1.428833,0.258702,0.045934,0.960252,-0.275330,-0.205297,0.173110,0.289582,0.000408,24.106361,12.636169,,,,,,,
1530639465.071397,0.148390,-1.278385,-1.207483,0.261607,-1.086605,0.121290,0.042618,0.957552,-0.285093,-0.231827,0.133955,0.309172,0.569286,24.507202,12.428535,,,,,,,
1530639465.091366,0.133191,-1.278695,-1.211557,-0.161842,0.159821,-0.192821,0.038241,0.957641,-0.285414,-0.242282,0.151856,0.405059,0.696064,24.923172,12.253426,,,,,,,
1530639465.111335,0.170771,-1.289870,-1.236153,-0.762878,4.592447,-0.541441,0.047116,0.960799,-0.273212,-0.062191,0.204698,1.315952,-0.098064,24.946518,12.623596,,,,,,,
1530639465.131304,0.272913,-1.322925,-1.262514,-2.096903,7.307348,-0.850625,0.066128,0.969437,-0.236260,-0.048337,0.238815,1.239816,-1.463493,24.885620,13.362770,,,,,,,
1530639465.151273,0.413489,-1.386395,-1.279278,-3.134311,7.657482,-1.467726,0.073674,0.983046,-0.167905,-0.348226,0.562318,1.197812,-3.560984,24.414360,14.107597,,,,,,,
1530639465.171242,0.477715,-1.444989,-1.314356,-2.234158,2.848929,-1.526397,0.057687,0.992097,-0.111428,-0.398340,0.614150,-0.082435,-4.803646,24.015274,14.966644,,,,,,,
1530639465.191211,0.347759,-1.506835,-1.430525,-2.953125,-2.672974,-1.955197,0.021782,0.997955,-0.060090,-0.411659,0.814560,-0.389068,-4.942957,23.623337,16.510971,,,,,,,
1530639465.211179,-1.932946,-1.546631,2.667397,-3.607773,-5.665554,-2.103937,-0.022593,0.999708,0.008559,-0.068533,0.730883,-0.459258,-4.051910,22.706650,18.231140,,,,,,,
1530639465.231148,-2.580373,-1.468131,2.142080,-3.676730,-6.267517,-1.734013,-0.054543,0.994735,0.086763,-0.005241,0.344270,-0.563127,-2.740099,21.828270,20.296867,,,,,,,
1530639465.251118,-2.764690,-1.392020,2.079429,-3.513367,-5.978520,-1.069995,-0.065447,0.984062,0.165344,0.043642,0.330757,-0.486511,-0.886860,20.824020,21.789330,,,,,,,
1530639465.271087,-2.905054,-1.326607,2.050015,-2.975988,-5.288269,-0.500782,-0.056656,0.970334,0.235039,-0.010574,0.654209,-0.519829,1.239838,19.961655,22.971420,,,,,,,
1530639465.291056,-3.005070,-1.281089,2.030312,-1.778147,-3.070319,0.054741,-0.038880,0.958328,0.283014,0.038574,0.855363,-0.530710,2.503967,19.613586,23.588196,,,,,,,
1530639465.311025,-3.039943,-1.265120,2.008380,-0.495370,0.966737,0.308592,-0.030538,0.953644,0.299384,0.160069,0.677658,-0.217796,2.755573,19.340317,23.733273,,,,,,,
1530639465.330994,-3.015377,-1.248904,1.971405,-1.193026,3.739555,0.533241,-0.039824,0.948638,0.313846,0.372328,0.115311,0.416501,1.609650,19.199539,24.427238,,,,,,,
1530639465.350962,-2.974089,-1.219990,1.939577,-1.576118,3.179867,0.073019,-0.057295,0.939096,0.338845,0.162153,-0.168985,-0.337426,0.260265,18.607323,25.205452,,,,,,,
1530639465.370931,-2.924378,-1.192249,1.946964,-1.125322,1.506710,-0.641976,-0.079646,0.929202,0.360887,0.044902,-0.333850,-0.817277,-0.760342,18.357956,25.540112,,,,,,,
1530639465.390900,-2.884636,-1.174589,1.976956,-0.489741,0.109670,-0.747163,-0.098078,0.922531,0.373251,0.192346,-0.473023,-0.862371,-0.949211,18.044426,26.132416,,,,,,,
1530639465.410869,-2.871543,-1.169175,2.002403,0.062341,-0.845610,-0.397437,-0.104287,0.920428,0.376743,0.302346,-0.514850,-0.795521,-0.921032,18.218056,26.329033,,,,,,,
1530639465.430838,-2.896740,-1.172103,2.005723,0.096176,-1.815929,0.236011,-0.094108,0.921569,0.376634,0.395118,-0.526733,-0.678835,0.012028,18.280586,26.424938,,,,,,,
1530639465.450807,-2.972638,-1.171129,1.971792,-0.335402,-2.226150,0.831822,-0.065430,0.921190,0.383571,0.361694,-0.492052,-0.551479,1.193104,18.353874,26.750343,,,,,,,
1530639465.470776,-3.043497,-1.165317,1.923305,-0.400095,-0.593771,0.880289,-0.038633,0.918913,0.392562,0.193998,-0.431166,-0.447982,2.142437,18.214218,26.819508,,,,,,,
1530639465.490745,-3.062969,-1.162328,1.888919,-0.062962,1.174903,0.516372,-0.031197,0.917730,0.395976,0.113305,-0.449453,-0.553462,2.112186,18.337471,27.019165,,,,,,,
1530639465.510714,-3.049768,-1.167822,1.874015,0.451139,1.231935,0.226439,-0.035959,0.919899,0.390503,0.162851,-0.604713,-0.759949,1.834705,18.501320,26.791004,,,,,,,
1530639465.530683,-3.042390,-1.185014,1.869378,1.087351,0.128237,0.164714,-0.037267,0.926504,0.374433,0.214315,-0.715597,-0.866697,1.899677,18.732346,26.470455,,,,,,,
1530639465.550652,-3.059177,-1.214484,1.866647,1.667306,-1.227759,0.192977,-0.028716,0.937190,0.347635,0.201018,-0.696040,-0.807398,2.467388,19.484406,25.794456,,,,,,,
1530639465.570621,-3.100439,-1.252870,1.864551,2.009006,-2.304725,0.110796,-0.012861,0.949886,0.312331,0.128004,-0.428218,-0.635177,3.486828,20.469307,25.405434,,,,,,,
1530639465.590590,3.136153,-1.289730,1.867256,1.533597,-2.434490,-0.098305,0.001509,0.960760,0.277375,0.074175,-0.030554,-0.144501,4.594105,21.421936,24.423847,,,,,,,
1530639465.610559,-3.120179,-1.297121,1.902125,0.101914,2.088427,-0.693241,-0.005787,0.962784,0.270208,-0.342098,0.991668,2.532130,4.618401,21.529869,23.912342,,,,,,,
1530639465.630528,-3.016818,-1.287182,1.938982,-0.385451,2.929677,-0.360430,-0.034825,0.960050,0.277650,-0.104549,2.042941,2.979888,3.534985,21.668793,24.365616,,,,,,,
1530639465.650497,-2.958830,-1.288372,1.961072,0.319296,1.250138,-0.324273,-0.050650,0.960383,0.274041,-0.180536,0.883215,0.623572,2.694885,21.913536,24.458233,,,,,,,
1530639465.670466,-2.920505,-1.298552,1.993588,0.812135,-0.262676,-0.282899,-0.058965,0.963170,0.262346,-0.253367,0.055400,0.116575,2.514534,22.218719,24.244232,,,,,,,
1530639465.690435,-2.890129,-1.334299,2.028471,2.472879,0.553073,0.123946,-0.058298,0.972165,0.226928,-0.108923,0.385868,-0.177413,2.547218,23.483093,23.536541,,,,,,,
1530639465.710404,-2.817788,-1.386793,2.074014,2.466771,1.557292,0.333771,-0.058215,0.983119,0.173456,0.196917,0.779698,-0.742045,2.131371,24.560516,22.402122,,,,,,,
1530639465.730373,-2.745129,-1.417422,2.123654,1.016344,0.958589,-0.021420,-0.058994,0.988261,0.140921,0.194675,0.927297,-0.546515,1.748436,25.158363,21.655174,,,,,,,
1530639465.750342,-2.689577,-1.425813,2.163706,0.325552,0.729396,-0.049672,-0.063103,0.989508,0.129963,0.235481,-0.029883,-0.383778,1.467262,25.264709,21.169395,,,,,,,
1530639465.770311,-2.685992,-1.431663,2.153475,0.197478,0.669237,0.354772,-0.061020,0.990336,0.124536,0.244187,-0.595012,-0.238931,1.215771,25.691063,21.580437,,,,,,,
1530639465.790280,-2.742999,-1.439722,2.087006,0.183343,0.223183,0.684958,-0.050726,0.991422,0.120450,0.152822,-0.868116,-0.232327,1.415150,25.554932,21.368263,,,,,,,
1530639465.810249,-2.855927,-1.449466,1.982130,0.270585,-0.951226,0.817490,-0.034106,0.992648,0.116125,0.064272,-0.963474,-0.329809,1.924282,25.824539,21.042191,,,,,,,
1530639465.830218,-3.004078,-1.457698,1.871089,0.243949,-2.422668,0.647817,-0.015470,0.993611,0.111790,0.036329,-0.630208,-0.372135,2.815041,25.983459,20.616379,,,,,,,
1530639465.850187,3.127596,-1.462895,1.778175,0.249737,-3.113595,0.469706,0.001507,0.994184,0.107678,0.107349,-0.214094,-0.342420,4.320580,25.960419,20.411385,,,,,,,
1530639465.870156,2.980718,-1.471352,1.682812,0.629330,-2.117835,0.447812,0.015902,0.995059,0.097993,0.182508,0.179974,-0.322968,5.383995,26.041420,19.787285,,,,,,,
1530639465.890125,2.842159,-1.486051,1.568495,0.909697,-0.781852,0.239871,0.024966,0.996411,0.080871,0.090772,0.434512,-0.284744,5.895195,26.465996,19.292587,,,,,,,
1530639465.910094,2.751382,-1.504120,1.483920,0.994475,-0.132345,-0.141849,0.025340,0.997778,0.061609,-0.047358,0.388376,-0.221552,6.044640,26.776596,18.857124,,,,,,,
1530639465.930063,2.679861,-1.526039,1.412097,1.142713,0.054308,-0.321569,0.019927,0.998999,0.040045,-0.051024,0.096598,-0.189108,5.861855,27.262741,17.889488,,,,,,,
1530639465.950031,2.452292,-1.550983,1.183079,1.299457,0.076756,-0.382447,0.012586,0.999804,0.015271,-0.063489,-0.121248,-0.130399,5.583469,27.680511,17.212128,,,,,,,
1530639465.970000,0.377336,-1.557268,-0.894173,1.436739,0.142879,-0.372809,0.004971,0.999909,-0.012541,-0.083706,-0.222092,-0.064790,5.388680,28.137398,16.581619,,,,,,,
1530639465.989969,-0.030726,-1.528018,-1.307078,1.555501,0.301166,-0.280561,-0.001314,0.999085,-0.042738,-0.097289,-0.204590,-0.000216,5.223862,28.648598,15.780113,,,,,,,
1530639466.009938,-0.024385,-1.489120,-1.323990,2.482331,2.685111,0.069416,-0.001989,0.996666,-0.081559,-0.151301,-0.107949,0.198853,4.855682,29.103424,14.812256,,,,,,,
1530639466.029907,0.106511,-1.441527,-1.298907,2.027491,6.092091,0.208258,0.013704,0.991656,-0.128179,-0.276400,0.060010,0.989141,3.738403,29.823814,13.678902,,,,,,,
1530639466.049876,0.207118,-1.414452,-1.315122,0.996341,5.397252,0.006666,0.032020,0.987803,-0.152380,-0.212928,0.083303,0.236013,2.813892,30.103363,13.208237,,,,,,,
1530639466.069845,0.264431,-1.404037,-1.343792,0.352981,3.590266,-0.140787,0.043382,0.986128,-0.160218,-0.207048,0.029757,-0.022934,1.642944,30.261444,13.267235,,,,,,,
1530639466.089814,0.291117,-1.395937,-1.362936,0.644460,1.397588,0.048294,0.049933,0.984751,-0.166649,-0.146140,-0.171732,-0.071846,1.130051,30.363083,12.967758,,,,,,,
1530639466.109783,0.282895,-1.376307,-1.370326,1.012854,-0.765887,0.320821,0.053947,0.981147,-0.185583,-0.099525,-0.202475,-0.065852,1.224331,30.604561,12.434235,,,,,,,
1530639466.129752,0.278535,-1.356924,-1.343551,0.739741,-1.912929,0.663331,0.058356,0.977216,-0.204065,-0.071845,-0.121198,0.074594,1.600750,30.814880,11.730759,,,,,,,
1530639466.149721,0.283147,-1.340714,-1.289748,0.570693,-2.650382,0.836294,0.063714,0.973648,-0.218976,-0.099145,0.021790,0.092038,2.343262,31.021126,10.903831,,,,,,,
1530639466.169690,0.270561,-1.324533,-1.242129,0.698811,-3.077773,0.695895,0.065156,0.969830,-0.234913,-0.154405,0.046726,0.114307,3.224571,31.026680,10.348663,,,,,,,
1530639466.189659,0.237420,-1.302487,-1.213116,1.168211,-2.972486,0.613742,0.062351,0.964220,-0.257665,-0.188877,0.075285,0.169820,4.086784,31.234009,9.376457,,,,,,,
1530639466.209628,0.202529,-1.273643,-1.194199,1.365862,-2.469757,0.539642,0.058896,0.956174,-0.286815,-0.237241,0.123202,0.271999,4.444881,31.630547,8.130501,,,,,,,
1530639466.229597,0.179086,-1.251976,-1.177130,0.615868,-1.406641,0.409323,0.055834,0.949606,-0.308433,-0.278734,0.133219,0.485649,5.082794,31.232170,7.024506,,,,,,,
1530639466.249566,0.195525,-1.256640,-1.157538,-0.687918,0.436961,0.143075,0.060036,0.951057,-0.303126,-0.247383,0.189537,0.922251,5.106976,31.053055,6.651787,,,,,,,
1530639466.269535,0.218973,-1.273795,-1.153630,-0.866321,1.306305,-0.248810,0.063573,0.956218,-0.285666,-0.256993,0.255116,0.451804,4.873394,31.078140,7.185272,,,,,,,
1530639466.289504,0.242499,-1.295478,-1.165034,-1.166282,2.022501,-0.518255,0.065280,0.962339,-0.263899,-0.350742,0.437823,0.449751,4.515110,31.157516,7.439522,,,,,,,
1530639466.309473,0.274608,-1.330116,-1.193723,-1.942919,3.675319,-0.997047,0.064637,0.971176,-0.229432,-0.559647,0.576630,0.909425,3.551533,30.961914,8.290176,,,,,,,
1530639466.329442,0.310890,-1.390705,-1.239431,-3.174212,3.865738,-1.496374,0.054794,0.983827,-0.170533,-0.576110,0.642134,1.042115,2.267395,30.944374,9.846718,,,,,,,
1530639466.349411,0.271323,-1.461309,-1.321305,-3.137367,0.686695,-1.692208,0.029285,0.994012,-0.105273,-0.234333,0.656043,0.350649,0.869091,30.372047,11.317505,,,,,,,
1530639466.369380,-0.215095,-1.529985,-1.783529,-3.394610,-2.144849,-1.840094,-0.008709,0.999167,-0.039862,-0.041081,0.331674,-0.144434,-0.268036,29.822105,12.483337,,,,,,,
1530639466.389349,-2.199307,-1.518139,2.574489,-3.463730,-3.441644,-1.561961,-0.042576,0.998614,0.030946,-0.024227,0.190366,-0.449937,-1.030403,29.097992,13.856216,,,,,,,
1530639466.409318,-2.589089,-1.449465,2.261574,-3.370275,-4.105600,-1.174656,-0.063521,0.992648,0.103026,0.042846,0.361966,-0.490492,-1.433804,28.456413,14.758026,,,,,,,
1530639466.429287,-2.755731,-1.383245,2.180372,-3.116349,-4.380941,-0.800130,-0.070173,0.982464,0.172745,0.081404,0.696232,-0.535568,-1.703716,27.526215,16.373764,,,,,,,
1530639466.449256,-2.868293,-1.329995,2.144151,-2.263935,-3.305091,-0.293889,-0.064368,0.971147,0.229630,0.160132,0.954268,-0.592453,-1.755392,26.993362,17.387024,,,,,,,
1530639466.469225,-2.930929,-1.304355,2.115112,-0.743903,-0.751382,0.222062,-0.055058,0.964714,0.257478,0.254948,0.851250,-0.683244,-2.482626,26.944984,17.710960,,,,,,,
1530639466.489194,-2.942600,-1.302300,2.091941,0.050449,1.124886,0.240973,-0.052442,0.964171,0.260047,0.196408,0.385240,-0.512351,-3.775373,27.457596,17.834335,,,,,,,
1530639466.509163,-2.935781,-1.287909,2.075935,-1.746443,0.741252,-0.069580,-0.057043,0.960253,0.273238,0.174490,-0.167407,0.420960,-4.938757,27.297073,18.675560,,,,,,,
1530639466.529132,-2.944151,-1.233679,2.062181,-2.980408,0.095378,-0.478010,-0.064884,0.943712,0.324342,0.073276,-0.306154,-0.003755,-6.207941,26.666115,20.255348,,,,,,,
1530639466.549101,-2.939579,-1.179769,2.060307,-2.290584,0.501297,-0.463993,-0.076473,0.924518,0.373388,0.149089,-0.323688,-0.583013,-7.418386,25.978630,21.687004,,,,,,,
1530639466.569069,-2.925256,-1.148784,2.062918,-1.038628,0.555076,-0.318538,-0.087921,0.912267,0.400049,0.189148,-0.379536,-0.846003,-8.693155,25.571625,22.895905,,,,,,,
1530639466.589038,-2.915848,-1.140885,2.071267,0.007397,-0.260554,-0.232247,-0.093291,0.909003,0.406216,0.170989,-0.411490,-0.918728,-9.399963,25.476814,23.653950,,,,,,,
1530639466.609007,-2.929721,-1.143856,2.080599,0.161645,-1.638236,-0.080913,-0.087078,0.910237,0.404828,0.196179,-0.432957,-0.741040,-9.671942,25.666565,24.335899,,,,,,,
1530639466.628976,-2.973684,-1.144887,2.076056,-0.008473,-2.018868,0.214581,-0.069046,0.910664,0.407338,0.224670,-0.430759,-0.547963,-9.107355,25.373650,25.027813,,,,,,,
1530639466.648945,-3.017664,-1.147379,2.059577,0.153317,-0.985900,0.409809,-0.050789,0.911690,0.407727,0.191155,-0.460244,-0.536771,-8.674562,25.339211,26.005802,,,,,,,
1530639466.668914,-3.040857,-1.154707,2.038137,0.412280,0.227593,0.515361,-0.040647,0.914677,0.402138,0.205060,-0.545078,-0.572685,-8.715551,25.333351,26.323479,,,,,,,
1530639466.688883,-3.052926,-1.167716,2.010836,0.708338,0.672948,0.592007,-0.034734,0.919857,0.390713,0.242483,-0.652187,-0.677273,-8.828711,25.522652,26.415672,,,,,,,
1530639466.708852,-3.067044,-1.187442,1.985229,1.096830,0.256985,0.542720,-0.027858,0.927415,0.372995,0.239482,-0.702714,-0.766428,-8.656080,25.515289,25.994766,,,,,,,
1530639466.728821,-3.092699,-1.215418,1.965714,1.536081,-0.903013,0.330753,-0.017006,0.937515,0.347530,0.212196,-0.641784,-0.783870,-8.356298,26.072113,25.805954,,,,,,,
1530639466.748790,-3.132972,-1.251923,1.958168,1.959807,-1.988862,0.092355,-0.002702,0.949589,0.313485,0.177446,-0.377232,-0.685601,-7.484489,26.501007,25.482925,,,,,,,
1530639466.768759,3.115017,-1.287724,1.965702,1.397909,-2.083011,-0.314104,0.007422,0.960202,0.279208,0.063562,0.022815,-0.123217,-6.703180,26.604294,25.281574,,,,,,,
1530639466.788728,-3.104453,-1.281563,2.025079,-0.538147,2.906923,-1.053482,-0.010591,0.958463,0.285021,-0.327666,1.182513,3.185637,-7.586672,25.984871,25.541145,,,,,,,
1530639466.808697,-2.989081,-1.269953,2.064226,-0.293831,2.950060,-0.279337,-0.045018,0.955087,0.292886,0.205006,2.075797,2.690833,-9.259592,25.422798,25.821140,,,,,,,
1530639466.828666,-2.965657,-1.272485,2.069394,0.258828,-0.102749,-0.076697,-0.051442,0.955834,0.289370,-0.097880,0.771705,0.420911,-9.844074,25.544785,26.093060,,,,,,,
1530639466.848635,-2.966990,-1.278736,2.091603,0.563757,-1.810633,-0.392334,-0.050018,0.957653,0.283548,-0.296326,-0.301311,0.118369,-9.505001,25.473434,27.179947,,,,,,,
1530639466.868604,-2.953528,-1.319005,2.132120,3.188670,-0.177780,-0.060856,-0.046578,0.968468,0.244746,-0.255591,-0.251381,-0.046794,-9.030779,26.264893,27.156773,,,,,,,
1530639466.888573,-2.853130,-1.393748,2.204337,3.815320,1.897780,0.200237,-0.050104,0.984368,0.168847,0.080789,0.481590,-0.967034,-9.433874,27.889984,25.752758,,,,,,,
1530639466.908542,-2.699021,-1.448275,2.315715,2.023751,2.330576,0.116816,-0.052340,0.992504,0.110438,0.106127,0.909245,-0.640132,-10.224264,29.013657,24.567673,,,,,,,
1530639466.928511,-2.570877,-1.457712,2.387823,0.036695,2.933560,-0.303437,-0.060959,0.993613,0.094955,0.263809,0.577539,-0.287155,-11.194336,29.416916,24.019569,,,,,,,
1530639466.948480,-2.504486,-1.451283,2.394016,-0.310052,2.905700,-0.089561,-0.070922,0.992867,0.095834,0.347747,-0.217858,-0.294411,-12.490526,29.578979,23.837814,,,,,,,
1530639466.968449,-2.509520,-1.448598,2.332094,-0.315951,2.624243,0.383691,-0.072013,0.992543,0.098339,0.295280,-0.595921,-0.187878,-13.303984,29.555763,23.772564,,,,,,,
1530639466.988418,-2.568228,-1.451452,2.228813,-0.158961,1.769777,0.700376,-0.064581,0.992887,0.100013,0.172903,-0.818784,-0.268531,-13.664898,29.680603,23.536816,,,,,,,
1530639467.008387,-2.667250,-1.460379,2.111254,0.171704,0.207859,0.826289,-0.050325,0.993910,0.098016,0.120470,-0.671004,-0.408379,-13.448233,29.765900,23.786739,,,,,,,
1530639467.028356,-2.799698,-1.471555,1.989491,0.286643,-1.066883,0.780090,-0.033213,0.995080,0.093328,0.142984,-0.286583,-0.300115,-12.731207,29.846863,24.182854,,,,,,,
1530639467.048325,-2.961514,-1.481746,1.857023,0.367215,-1.778317,0.690598,-0.015925,0.996038,0.087476,0.163554,0.059443,-0.225141,-11.528442,29.874588,24.605797,,,,,,,
1530639467.068294,-3.125202,-1.492347,1.730409,0.540961,-1.967886,0.478597,-0.001284,0.996924,0.078335,0.084032,0.263970,-0.178921,-10.287754,29.836456,25.060558,,,,,,,
1530639467.088263,3.038467,-1.505006,1.647377,0.717731,-1.813290,0.144190,0.006764,0.997837,0.065356,-0.008732,0.325085,-0.151309,-9.238918,30.106750,25.601345,,,,,,,
1530639467.108232,2.950844,-1.522886,1.591082,1.034709,-1.493178,-0.026973,0.009070,0.998852,0.046972,-0.026068,0.166660,-0.157049,-8.325983,30.257233,25.811787,,,,,,,
1530639467.128201,2.760060,-1.547620,1.423203,1.400038,-1.032550,-0.086889,0.008588,0.999731,0.021407,-0.059751,-0.032355,-0.107772,-7.643681,30.946266,25.389660,,,,,,,
1530639467.148170,0.597128,-1.555352,-0.727128,1.981293,-0.379537,0.118221,0.008593,0.999881,-0.012638,-0.069918,-0.182422,-0.023449,-7.240894,31.643410,24.867470,,,,,,,
1530639467.168139,0.272395,-1.503909,-1.061179,2.819353,0.823570,0.581006,0.017972,0.997764,-0.064337,-0.123120,-0.249763,0.112082,-6.856176,32.406189,23.813190,,,,,,,
1530639467.188108,0.250280,-1.450113,-1.107278,2.476957,1.247882,0.378551,0.029813,0.992727,-0.116619,-0.230221,-0.036229,0.178112,-6.699083,33.195328,22.484810,,,,,,,
1530639467.208077,0.228432,-1.409500,-1.155630,1.765629,1.210755,0.034355,0.036364,0.987020,-0.156411,-0.237399,0.019526,0.194848,-6.753716,33.943977,21.373016,,,,,,,
1530639467.228046,0.209870,-1.384894,-1.197128,1.000251,0.981260,-0.106345,0.038504,0.982770,-0.180767,-0.196402,-0.003278,0.188015,-6.769272,34.427132,20.838455,,,,,,,
1530639467.248015,0.207228,-1.372872,-1.217913,0.432282,0.777746,-0.022540,0.040455,0.980477,-0.192417,-0.151600,-0.082879,0.178486,-6.724287,34.489204,20.693466,,,,,,,
1530639467.267984,0.220478,-1.367606,-1.219517,0.193363,0.664465,0.087312,0.044130,0.979428,-0.196901,-0.141282,-0.155667,0.154954,-6.468765,34.547081,20.698433,,,,,,,
1530639467.287953,0.239678,-1.362319,-1.214359,0.337784,0.710537,0.122670,0.049131,0.978347,-0.201046,-0.130002,-0.130172,0.136928,-6.149345,34.439728,20.930138,,,,,,,
1530639467.307922,0.245949,-1.346016,-1.228138,1.170111,1.112788,0.021899,0.054267,0.974843,-0.216178,-0.139473,0.060939,0.139609,-5.928656,34.735863,20.762024,,,,,,,
1530639467.327891,0.244999,-1.316769,-1.254649,1.575103,1.205791,0.122645,0.060954,0.967908,-0.243795,-0.111705,0.113543,0.170675,-5.712883,35.107094,19.979706,,,,,,,
1530639467.347859,0.257600,-1.286553,-1.264556,1.415233,0.978208,0.315231,0.071442,0.959874,-0.271174,-0.124435,0.074000,0.213404,-5.353868,35.400803,19.460838,,,,,,,
1530639467.367828,0.279156,-1.262300,-1.264948,0.872828,1.435278,0.334003,0.083662,0.952791,-0.291869,-0.190671,0.063948,0.445143,-4.910160,35.668571,18.780067,,,,,,,
1530639467.387797,0.342947,-1.260403,-1.241302,-0.441540,2.058088,0.367203,0.102705,0.952214,-0.287643,-0.222883,0.016704,0.890075,-4.487858,35.537926,19.024643,,,,,,,
1530639467.407766,0.399406,-1.270342,-1.212273,-0.608314,0.990015,0.140572,0.115086,0.955202,-0.272656,-0.310979,0.174345,0.117215,-4.193855,35.612328,19.679138,,,,,,,
1530639467.427735,0.416552,-1.274997,-1.201786,-0.130163,-0.036103,0.042087,0.117944,0.956569,-0.266574,-0.320382,0.155567,0.077700,-3.497355,35.237823,20.614532,,,,,,,
1530639467.447704,0.408408,-1.280648,-1.196888,-0.438988,-1.000757,-0.127518,0.113620,0.958201,-0.262561,-0.392307,0.292439,0.135165,-2.412106,34.941689,21.086311,,,,,,,
1530639467.467673,0.399669,-1.300598,-1.201849,-1.319501,0.703724,-0.728979,0.103862,0.963718,-0.245883,-0.722606,0.544385,1.024691,-1.791342,34.557388,21.829300,,,,,,,
1530639467.487642,0.408094,-1.353333,-1.230470,-2.787482,2.156937,-1.683457,0.085622,0.976448,-0.198031,-0.880788,0.645760,1.075579,-2.150240,33.643303,23.125740,,,,,,,
1530639467.507611,0.378247,-1.421117,-1.297603,-2.742913,1.325764,-1.856193,0.055067,0.988819,-0.138574,-0.612653,0.727734,0.456079,-3.165649,32.320412,24.872307,,,,,,,
1530639467.527580,0.180348,-1.485554,-1.495071,-2.953219,-0.926568,-2.116110,0.015270,0.996369,-0.083749,-0.150386,0.540191,0.258858,-3.442255,30.734818,26.236961,,,,,,,
1530639467.547549,-1.031251,-1.536465,-2.667392,-3.426554,-2.629488,-2.154866,-0.029422,0.999411,-0.017619,0.019458,0.274683,-0.131994,-3.022738,29.175621,27.885006,,,,,,,
1530639467.567517,-2.233545,-1.480999,2.482694,-3.457197,-4.080472,-2.090351,-0.070684,0.995971,0.055170,0.036641,0.285020,-0.527643,-1.957314,27.283745,29.607899,,,,,,,
1530639467.587486,-2.497541,-1.406194,2.312140,-3.378843,-4.979953,-1.645781,-0.098384,0.986484,0.131028,0.180858,0.487821,-0.559343,-0.064636,25.549454,30.610516,,,,,,,
1530639467.607455,-2.662359,-1.341919,2.239612,-2.810406,-4.265335,-0.770482,-0.104615,0.973922,0.201323,0.312714,0.789796,-0.564192,2.439217,23.571129,31.599548,,,,,,,
1530639467.627424,-2.759950,-1.305722,2.194593,-1.219393,-1.461973,0.037121,-0.097573,0.965073,0.243131,0.278954,1.036117,-0.729108,3.950493,22.529701,32.041458,,,,,,,
1530639467.647393,-2.787302,-1.301861,2.159616,0.044397,1.027254,0.471370,-0.092180,0.964054,0.249203,0.325273,0.691372,-0.666027,4.142773,22.301689,32.018341,,,,,,,
1530639467.667362,-2.795133,-1.303223,2.125150,-0.823596,0.822429,0.439733,-0.089779,0.964415,0.248682,0.272702,0.119279,-0.383142,3.589027,22.316132,31.595821,,,,,,,
1530639467.687331,-2.878860,-1.255352,2.050313,-3.261522,-1.099270,0.204092,-0.080575,0.950659,0.299592,0.251229,-0.386984,0.344329,3.847881,20.586296,32.365654,,,,,,,
1530639467.707300,-2.944552,-1.192684,2.002395,-2.992816,-0.802357,0.037646,-0.072271,0.929363,0.362024,0.124059,-0.376339,-0.453485,4.360432,18.813843,32.945522,,,,,,,
1530639467.727269,-2.970427,-1.149815,1.979255,-1.682384,0.068018,0.064538,-0.069607,0.912688,0.402685,0.166012,-0.395003,-0.770345,4.318130,17.610329,33.347561,,,,,,,
1530639467.747238,-2.974693,-1.131701,1.970266,-0.521032,0.185085,0.002024,-0.070624,0.905137,0.419214,0.126089,-0.414689,-0.801553,4.261539,17.321022,33.539318,,,,,,,
1530639467.767207,-2.974213,-1.129469,1.973201,0.046446,-0.395946,-0.130860,-0.071161,0.904186,0.421169,0.112161,-0.395839,-0.663891,4.335075,17.114517,33.397270,,,,,,,
1530639467.787176,-2.992094,-1.129023,1.978447,-0.050456,-1.437447,-0.052881,-0.063679,0.903995,0.422773,0.153614,-0.392673,-0.583784,4.989563,17.510521,33.189342,,,,,,,
1530639467.807145,-3.021878,-1.129635,1.975310,0.099017,-1.144003,0.128133,-0.050995,0.904257,0.423933,0.162735,-0.427450,-0.581251,5.696472,17.553589,32.845627,,,,,,,
1530639467.827114,-3.037375,-1.135600,1.968719,0.402353,-0.037343,0.196025,-0.043857,0.906787,0.419300,0.127659,-0.459262,-0.561924,5.916534,17.718849,32.899136,,,,,,,
1530639467.847083,-3.035750,-1.148679,1.960724,0.775118,0.622318,0.248077,-0.043282,0.912224,0.407399,0.164345,-0.562508,-0.669652,5.962410,18.268639,32.741367,,,,,,,
1530639467.867052,-3.030101,-1.170486,1.955444,1.271596,0.350935,0.198336,-0.043359,0.920940,0.387283,0.154031,-0.633281,-0.800400,5.908298,18.930901,32.118870,,,,,,,
1530639467.887021,-3.034058,-1.202352,1.957956,1.744667,-0.774412,0.082166,-0.038655,0.932889,0.358082,0.141683,-0.621732,-0.858845,6.297581,20.057594,31.544689,,,,,,,
1530639467.906990,-3.052389,-1.241695,1.970853,2.104882,-1.875094,-0.083365,-0.028791,0.946333,0.321905,0.098417,-0.431761,-0.755300,7.436245,21.482811,30.816330,,,,,,,
1530639467.926959,-3.068167,-1.284113,1.993095,2.030409,-1.664413,-0.215296,-0.020744,0.959187,0.282007,0.081169,-0.111836,-0.335855,8.508579,22.759300,29.565266,,,,,,,
1530639467.946928,-3.044073,-1.296660,2.030136,-0.758560,0.779645,-0.719497,-0.026358,0.962659,0.269425,-0.109766,0.508242,1.149216,8.393036,22.877106,29.445496,,,,,,,
1530639467.966897,-2.935360,-1.278485,2.065837,-0.923176,3.904093,-0.285288,-0.059008,0.957581,0.282055,0.044649,2.037460,3.814152,6.847363,22.912743,30.321857,,,,,,,
1530639467.986866,-2.902406,-1.272104,2.058819,0.037502,1.035826,0.030369,-0.069715,0.955722,0.285889,0.180006,1.214886,0.958007,5.633934,23.121040,30.298046,,,,,,,
1530639468.006835,-2.885886,-1.279524,2.073339,0.658025,-0.270103,-0.159420,-0.072633,0.957879,0.277831,-0.129546,0.028052,0.136948,5.630573,23.276245,30.072361,,,,,,,
1530639468.026804,-2.876686,-1.305749,2.102612,1.971295,-0.968707,0.072338,-0.068584,0.965080,0.252814,-0.214940,-0.114448,0.337396,6.031414,24.052734,29.420574,,,,,,,
1530639468.046773,-2.805493,-1.365212,2.158950,3.444179,1.721529,0.323064,-0.067326,0.978942,0.192715,0.013691,0.380494,-0.729779,5.756233,25.369492,27.505775,,,,,,,
1530639468.066742,-2.668178,-1.424263,2.261289,2.538357,1.748514,0.295103,-0.066569,0.989283,0.129950,0.064723,0.815496,-0.767401,4.840664,26.941971,26.234913,,,,,,,
1530639468.086711,-2.561953,-1.444151,2.331142,0.327597,1.962639,-0.073948,-0.069181,0.991991,0.105676,0.173673,0.661314,-0.323830,3.906734,27.434311,25.700958,,,,,,,
1530639468.106680,-2.525696,-1.438978,2.327379,-0.406443,1.996024,-0.077825,-0.075930,0.991324,0.107287,0.230059,-0.227729,-0.287768,2.807961,27.649292,25.841969,,,,,,,
1530639468.126649,-2.548595,-1.432799,2.265855,-0.503081,1.823216,0.332210,-0.076875,0.990493,0.114073,0.254517,-0.624481,-0.212538,2.049980,27.404999,26.006573,,,,,,,
1530639468.146618,-2.619203,-1.432049,2.166953,-0.289645,1.014950,0.670089,-0.069005,0.990390,0.119855,0.166631,-0.836643,-0.325589,1.702168,27.354652,25.953220,,,,,,,
1530639468.166587,-2.716998,-1.438558,2.066512,0.147197,-0.533532,0.763656,-0.054316,0.991269,0.120144,0.070720,-0.776334,-0.470364,1.878113,27.428650,25.907135,,,,,,,
1530639468.186556,-2.831099,-1.449977,1.981610,0.416807,-1.982331,0.657801,-0.036824,0.992710,0.114761,0.084629,-0.348133,-0.421005,2.837215,27.391830,25.477337,,,,,,,
1530639468.206525,-2.953847,-1.462780,1.908834,0.578631,-2.755193,0.507828,-0.020121,0.994172,0.105909,0.115748,0.045135,-0.331144,4.349148,27.772537,24.908909,,,,,,,
1530639468.226494,-3.078656,-1.478098,1.838309,0.810125,-2.585672,0.406954,-0.005822,0.995707,0.092380,0.140664,0.329962,-0.241946,5.656681,28.057175,24.211971,,,,,,,
1530639468.246463,3.096741,-1.498662,1.769406,1.167114,-1.535622,0.197901,0.003231,0.997399,0.071996,0.055393,0.382392,-0.170187,6.465950,28.527069,23.209465,,,,,,,
1530639468.266432,3.036603,-1.526197,1.727921,1.490118,-0.636295,-0.083782,0.004672,0.999006,0.044335,-0.066363,0.246615,-0.134118,6.803337,29.062515,22.143410,,,,,,,
1530639468.286401,3.019391,-1.558183,1.717138,1.636700,-0.185173,-0.195335,0.001538,0.999920,0.012522,-0.075039,-0.009442,-0.075739,6.780708,29.694473,21.065483,,,,,,,
1530639468.306370,-0.106593,-1.549733,-1.407720,1.693110,0.010050,-0.173425,-0.002240,0.999778,-0.020939,-0.068774,-0.182578,-0.026455,6.565842,30.471718,20.145668,,,,,,,
1530639468.326339,-0.066533,-1.513550,-1.373462,2.014422,0.697484,0.015207,-0.003804,0.998362,-0.057086,-0.101177,-0.218974,0.056034,6.408905,31.041039,18.933289,,,,,,,
1530639468.346308,0.064396,-1.465490,-1.312823,2.299310,4.844548,0.212279,0.006764,0.994460,-0.104893,-0.355946,-0.158157,1.002614,5.551033,31.901039,17.953857,,,,,,,
1530639468.366277,0.133980,-1.430360,-1.345857,1.464529,4.925844,-0.169928,0.018698,0.990155,-0.138721,-0.311072,0.050739,0.243549,3.796036,32.729546,17.575012,,,,,,,
1530639468.386246,0.158845,-1.411659,-1.403481,0.711092,3.561669,-0.332410,0.025066,0.987364,-0.156471,-0.204830,0.067933,0.003898,2.454422,33.188492,16.940697,,,,,,,
1530639468.406215,0.174301,-1.405996,-1.443072,0.140840,2.273764,-0.198802,0.028450,0.986451,-0.161569,-0.140923,-0.018388,0.011422,1.462482,33.540237,16.649261,,,,,,,
1530639468.426183,0.195314,-1.402676,-1.453523,0.430769,1.098647,0.026478,0.032474,0.985901,-0.164146,-0.100421,-0.136902,0.006828,0.811859,33.730370,16.559608,,,,,,,
1530639468.446152,0.188145,-1.381831,-1.464393,1.241527,-0.315644,0.172791,0.035133,0.982199,-0.184527,-0.053001,-0.166342,-0.021742,0.826977,34.155426,15.867981,,,,,,,
1530639468.466121,0.186992,-1.357323,-1.447210,1.085527,-1.188088,0.549890,0.039385,0.977301,-0.208161,-0.011995,-0.108099,0.103852,1.144108,34.487389,14.650688,,,,,,,
1530639468.486090,0.201623,-1.336134,-1.400511,0.864623,-1.736019,0.776091,0.046563,0.972593,-0.227803,-0.028359,-0.010404,0.134328,1.854088,34.864777,13.568504,,,,,,,
1530639468.506059,0.206292,-1.317165,-1.355602,0.820581,-2.036531,0.654313,0.051396,0.968008,-0.245600,-0.072072,0.068888,0.155878,2.713413,35.166565,12.881660,,,,,,,
1530639468.526028,0.184774,-1.296826,-1.335912,1.062369,-1.957039,0.322094,0.049708,0.962704,-0.265950,-0.100382,0.021991,0.205815,3.294094,35.526131,12.050758,,,,,,,
1530639468.545997,0.162994,-1.272377,-1.332327,1.079143,-0.510669,0.286827,0.047710,0.955803,-0.290112,-0.111354,-0.044700,0.558774,3.477737,35.978233,10.890198,,,,,,,
1530639468.565966,0.193652,-1.265325,-1.314583,-0.105303,1.089139,0.309330,0.057876,0.953705,-0.295121,-0.218490,0.026702,0.917649,3.333153,36.386002,10.576096,,,,,,,
1530639468.585935,0.235106,-1.273187,-1.291603,-0.627705,0.825072,0.207932,0.068308,0.956040,-0.285168,-0.241663,0.185760,0.201779,3.360703,36.472595,10.677109,,,,,,,
1530639468.605904,0.266555,-1.287955,-1.269684,-0.844585,0.371305,0.066770,0.073513,0.960266,-0.269228,-0.267971,0.177627,0.155321,3.254410,36.581932,11.039993,,,,,,,
1530639468.625873,0.292284,-1.301026,-1.254277,-0.599628,0.958030,-0.023608,0.076792,0.963832,-0.255206,-0.359553,0.272298,0.267718,2.789684,36.719292,11.470367,,,,,,,
1530639468.645842,0.339090,-1.325741,-1.259294,-1.640515,3.463991,-0.782352,0.080698,0.970124,-0.228793,-0.740122,0.627319,1.266284,2.035702,36.665367,12.296837,,,,,,,
1530639468.665811,0.378423,-1.382888,-1.301293,-2.941154,3.994632,-1.788364,0.069015,0.982397,-0.173586,-0.798157,0.637400,0.993334,-0.012741,36.674034,13.904640,,,,,,,
1530639468.685780,0.330964,-1.453120,-1.403854,-2.859897,1.566895,-1.919576,0.038151,0.993084,-0.111031,-0.503116,0.657581,0.229730,-2.141275,36.223221,16.116692,,,,,,,
1530639468.705749,-0.048924,-1.515074,-1.769046,-2.882022,-2.113600,-2.072982,-0.002724,0.998448,-0.055625,-0.098580,0.506786,-0.087274,-3.523958,35.690208,17.956635,,,,,,,
1530639468.725718,-1.720354,-1.526296,2.916283,-3.046475,-4.510187,-1.908068,-0.043988,0.999010,0.006628,0.067379,0.251982,-0.407477,-4.112221,34.881897,19.699684,,,,,,,
1530639468.745687,-2.349734,-1.466495,2.387076,-3.034482,-5.268787,-1.559174,-0.074093,0.994566,0.073142,0.103878,0.292376,-0.504569,-3.718622,34.113708,22.041687,,,,,,,
1530639468.765656,-2.595701,-1.404309,2.243966,-2.994703,-5.084509,-0.911594,-0.086038,0.986173,0.141634,0.183634,0.504763,-0.446215,-2.623623,32.877724,24.326336,,,,,,,
1530639468.785625,-2.759938,-1.352550,2.163382,-2.338089,-3.549708,-0.196132,-0.080643,0.976279,0.200939,0.182801,0.810464,-0.524471,-1.215748,31.861771,26.015469,,,,,,,
1530639468.805594,-2.847512,-1.326427,2.103372,-0.919798,-0.130151,0.429696,-0.070130,0.970290,0.231558,0.234391,0.955842,-0.626456,-0.364067,31.308990,27.131142,,,,,,,
1530639468.825563,-2.872653,-1.319445,2.049754,-0.559232,1.851671,0.530315,-0.066085,0.968577,0.239772,0.250839,0.590337,-0.489864,-0.841721,30.931221,27.637810,,,,,,,
1530639468.845532,-2.921036,-1.278348,1.970616,-3.045845,1.047178,0.450491,-0.063072,0.957541,0.281314,0.413474,-0.060431,0.658597,-1.286249,30.110603,28.765881,,,,,,,
1530639468.865501,-2.954714,-1.213275,1.918588,-3.298653,0.704062,-0.045663,-0.065019,0.936767,0.343860,0.101716,-0.245284,-0.254504,-1.602333,28.499992,30.615898,,,,,,,
1530639468.885470,-2.951085,-1.160808,1.907396,-2.092862,0.567077,-0.407547,-0.075478,0.917125,0.391387,0.050163,-0.315563,-0.786636,-2.242779,27.107834,32.119995,,,,,,,
1530639468.905439,-2.936135,-1.137204,1.922332,-0.531690,-0.297516,-0.608478,-0.085714,0.907462,0.411297,0.061116,-0.364066,-1.042965,-2.720083,26.298042,32.884674,,,,,,,
1530639468.925408,-2.922882,-1.138273,1.955114,0.556495,-1.113195,-0.676863,-0.090946,0.907911,0.409178,0.082188,-0.395979,-0.902250,-2.866199,26.624977,32.786324,,,,,,,
1530639468.945377,-2.918546,-1.148711,1.992024,0.554097,-1.684273,-0.625663,-0.090618,0.912237,0.399516,0.089108,-0.404226,-0.514582,-2.552307,27.053780,32.717209,,,,,,,
1530639468.965346,-2.927538,-1.148919,2.021114,-0.050706,-1.725582,-0.529898,-0.086982,0.912322,0.400129,0.067695,-0.346984,-0.327817,-1.782845,27.232574,32.914726,,,,,,,
1530639468.985315,-2.935259,-1.147749,2.039115,0.160996,-0.876275,-0.277842,-0.084108,0.911842,0.401832,0.112841,-0.397590,-0.545906,-1.215078,27.315948,32.743752,,,,,,,
1530639469.005284,-2.933403,-1.157439,2.048745,0.717456,-0.100165,0.006854,-0.083024,0.915777,0.393012,0.167085,-0.492483,-0.688071,-1.203255,27.794250,32.464005,,,,,,,
1530639469.025253,-2.929659,-1.176918,2.049795,1.055021,0.182716,0.269935,-0.080727,0.923428,0.375186,0.211678,-0.613354,-0.671100,-1.155159,28.700089,32.052193,,,,,,,
1530639469.045222,-2.936806,-1.199024,2.039825,0.986272,-0.028429,0.475647,-0.073874,0.931685,0.355677,0.249960,-0.651122,-0.574061,-0.996315,29.256859,31.601475,,,,,,,
1530639469.065191,-2.963383,-1.217991,2.018721,0.797785,-0.562308,0.584010,-0.061252,0.938407,0.340060,0.235965,-0.496711,-0.511461,-0.252846,29.725182,31.000511,,,,,,,
1530639469.085160,-3.010289,-1.234723,1.985341,0.680052,-0.842738,0.754320,-0.043177,0.944057,0.326944,0.221141,-0.264644,-0.451730,0.451839,30.369553,30.714920,,,,,,,
1530639469.105129,-3.068672,-1.242243,1.935323,-0.154429,-0.220423,0.836321,-0.023509,0.946510,0.321817,0.181071,0.063133,-0.043024,1.095608,30.312256,30.615482,,,,,,,
1530639469.125098,-3.069615,-1.228857,1.908018,-0.134368,2.259327,-0.013670,-0.024114,0.942106,0.334447,-0.096247,0.669649,1.664638,0.269962,29.992523,30.738052,,,,,,,
1530639469.145067,-2.966434,-1.204753,1.974440,-2.424047,0.246373,-2.225034,-0.062373,0.933751,0.352447,-0.545461,1.695293,4.444810,-0.946400,29.341393,31.596142,,,,,,,
1530639469.165036,-2.980058,-1.177608,2.103210,0.899311,-9.494984,-2.645026,-0.061621,0.923692,0.378148,-0.417230,2.494689,0.263392,1.474453,29.373055,31.586235,,,,,,,
1530639469.185005,-2.910501,-1.229104,2.259232,3.952969,0.050686,-1.846388,-0.076747,0.942189,0.326175,-0.459721,1.440578,-0.516879,1.200481,31.557022,29.542595,,,,,,,
1530639469.204974,-2.693626,-1.307997,2.406609,4.503318,5.214818,-0.277519,-0.112521,0.965667,0.234151,-0.008038,-0.335799,-1.263738,-1.079845,33.865265,27.287090,,,,,,,
1530639469.224943,-2.418387,-1.383499,2.587162,3.979027,4.516732,0.764401,-0.123228,0.982511,0.139595,0.127440,-1.322019,-1.014152,-2.743387,35.415977,24.491150,,,,,,,
1530639469.244912,-2.108292,-1.444618,2.827821,2.996396,3.112353,1.318152,-0.108099,0.992050,0.064430,0.204443,-1.382812,-0.287163,-3.574305,37.093819,22.199074,,,,,,,
1530639469.264881,-1.722214,-1.485196,-3.117681,1.947018,2.221751,1.170820,-0.084517,0.996339,0.012896,0.174269,-1.138901,-0.077822,-3.685062,38.085060,20.352753,,,,,,,
1530639469.284850,-1.378940,-1.500793,-2.809525,0.705424,1.556434,0.541288,-0.068662,0.997551,-0.013337,0.144711,-0.762810,-0.009170,-3.847679,38.732643,19.464775,,,,,,,
1530639469.304819,-1.336315,-1.503695,-2.793111,-0.330849,1.205537,-0.069504,-0.065217,0.997750,-0.015579,0.205445,-0.494301,-0.041703,-4.117626,38.386032,19.304298,,,,,,,
1530639469.324788,-1.555442,-1.497918,-3.034591,-1.063916,1.031535,-0.573750,-0.072802,0.997346,-0.001118,0.316485,-0.276719,-0.105007,-4.852495,38.386787,19.868164,,,,,,,
1530639469.344757,-1.857726,-1.479278,2.928154,-1.575113,0.680846,-0.760882,-0.087653,0.995815,0.025864,0.407095,-0.000637,-0.221390,-5.596256,37.966652,20.927254,,,,,,,
1530639469.364726,-2.083578,-1.457564,2.692704,-1.391962,0.216290,-0.318568,-0.098458,0.993596,0.055433,0.478035,0.542354,-0.367262,-6.067430,37.255409,21.698189,,,,,,,
1530639469.384695,-2.236168,-1.451293,2.541501,-0.577012,-0.316749,0.578288,-0.093789,0.992868,0.073601,0.431954,0.998236,-0.451301,-5.767998,37.098892,22.343445,,,,,,,
1530639469.404664,-2.218625,-1.494162,2.605837,3.210133,-3.959926,2.031339,-0.061049,0.997065,0.046201,0.169050,0.661825,-0.889951,-3.555786,37.844704,21.092827,,,,,,,
1530639469.424633,-0.561055,-1.528733,-1.919806,4.547329,-5.236120,1.658248,-0.022374,0.999115,-0.035604,-0.122874,0.515014,-0.145930,-0.764572,39.407623,18.010788,,,,,,,
1530639469.444602,-0.123911,-1.458675,-1.359731,2.978033,-6.553373,0.336656,-0.013828,0.993721,-0.111028,-0.342144,0.129097,0.739172,1.187302,40.380829,15.221130,,,,,,,
1530639469.464571,-0.277632,-1.434956,-1.407674,0.260383,-4.113712,-0.812207,-0.037117,0.990788,-0.130238,-0.576088,-0.265110,1.696141,1.911125,40.599232,14.142159,,,,,,,
,,,,,,,,,,,,,,,,39.779358,-84.063826,293.019714,-1.000000,-1.000000,1530639469.446890,
1530639469.484540,-0.344735,-1.422499,-1.455395,0.852219,0.709341,-0.207462,-0.049933,0.989024,-0.139061,-0.244348,-0.404887,1.013115,1.744328,40.857899,13.362526,,,,,,,
1530639469.504509,-0.245222,-1.399635,-1.397624,1.346831,2.534608,0.176781,-0.041351,0.985388,-0.165231,-0.100144,-0.201940,0.305307,1.365906,41.269283,12.638298,,,,,,,
1530639469.524478,-0.152599,-1.374937,-1.358204,1.207256,2.685614,0.057127,-0.029582,0.980881,-0.192348,-0.125630,-0.045822,0.133907,0.832188,41.574158,11.670441,,,,,,,
1530639469.544447,-0.092103,-1.353354,-1.350850,1.025112,2.620591,-0.109493,-0.019842,0.976453,-0.214818,-0.125697,-0.037076,0.121618,0.410820,41.761509,10.758369,,,,,,,
1530639469.564416,-0.044644,-1.333394,-1.356058,0.993591,2.601781,-0.101701,-0.010496,0.971952,-0.234944,-0.077257,-0.101820,0.130345,-0.173767,42.163601,9.980255,,,,,,,
1530639469.584385,0.006181,-1.313000,-1.356616,1.040831,2.503754,0.023513,0.001576,0.966954,-0.254945,-0.067418,-0.200856,0.167909,-0.518806,42.388916,9.251572,,,,,,,
1530639469.604354,0.056168,-1.291494,-1.354418,1.096880,2.284635,0.099507,0.015477,0.961248,-0.275251,-0.125004,-0.251592,0.208066,-0.948177,42.427940,8.286392,,,,,,,
1530639469.624323,0.110463,-1.260918,-1.345361,1.979202,2.344945,0.435519,0.033616,0.952371,-0.303084,-0.203203,-0.186166,0.223159,-0.973953,42.531292,7.093880,,,,,,,
1530639469.644292,0.172657,-1.223669,-1.328509,0.838083,2.181764,0.460920,0.058446,0.940354,-0.335140,-0.415944,0.189758,0.971935,-0.684635,42.594864,5.816856,,,,,,,
1530639469.664261,0.223696,-1.250314,-1.304693,-2.321026,0.893883,-0.084298,0.069883,0.949084,-0.307175,-0.534651,0.553098,1.436752,-0.800289,42.711609,6.602509,,,,,,,
1530639469.684230,0.245518,-1.302447,-1.286300,-2.429913,-0.110210,-0.466537,0.064444,0.964210,-0.257188,-0.529624,0.669030,0.257280,-1.050865,42.326351,8.532837,,,,,,,
1530639469.704199,0.214063,-1.337451,-1.311168,-1.291808,-0.604500,-0.877953,0.049121,0.972898,-0.225954,-0.596957,0.948321,0.044024,-1.653637,42.432701,9.966888,,,,,,,
1530639469.724168,0.106627,-1.379515,-1.393444,-2.679914,-1.857574,-1.272562,0.020233,0.981762,-0.189034,-0.580932,0.986576,0.608880,-2.376259,42.145741,11.638092,,,,,,,
1530639469.744137,-0.074134,-1.454507,-1.530510,-4.086050,-2.400907,-1.016442,-0.008593,0.993246,-0.115704,-0.104291,0.578333,0.539517,-2.889694,41.537941,14.398071,,,,,,,
1530639469.764106,-0.746775,-1.523064,-2.158393,-3.852896,-2.314566,-1.061653,-0.032401,0.998861,-0.035006,-0.107583,0.361597,-0.112196,-3.165480,40.587376,17.902611,,,,,,,
1530639469.784075,-2.178111,-1.504435,2.737306,-3.394338,-2.276926,-1.098720,-0.054449,0.997799,0.037838,-0.072184,0.358402,-0.319149,-3.101254,39.086594,20.417023,,,,,,,
1530639469.804044,-2.545040,-1.444747,2.412255,-3.075358,-2.071082,-0.869244,-0.070623,0.992066,0.103997,0.029714,0.582717,-0.374535,-2.975307,37.966499,22.911972,,,,,,,
1530639469.824013,-2.690287,-1.388110,2.297340,-2.775459,-1.234745,-0.501712,-0.079233,0.983359,0.163479,0.120416,0.895700,-0.387707,-2.736807,36.713394,25.015625,,,,,,,
1530639469.843982,-2.765550,-1.342518,2.222070,-2.101200,0.714611,-0.031420,-0.083106,0.974057,0.210486,0.242469,0.903033,-0.441000,-2.690998,35.893234,26.599800,,,,,,,
1530639469.863951,-2.775891,-1.315104,2.171603,-1.116398,2.442523,0.040824,-0.090443,0.967488,0.236188,0.242802,0.488368,-0.566251,-3.260466,35.020317,28.071838,,,,,,,
1530639469.883920,-2.732066,-1.304586,2.169835,-0.237922,2.014046,-0.297401,-0.104750,0.964775,0.241321,0.166197,0.058907,-0.829853,-4.538483,34.880333,28.157600,,,,,,,
1530639469.903889,-2.690744,-1.293045,2.185927,-0.905685,0.488161,-0.545698,-0.119473,0.961675,0.246794,0.222012,-0.310231,-0.388990,-5.423861,34.752945,28.203850,,,,,,,
1530639469.923858,-2.710106,-1.257148,2.182817,-1.865764,-1.493403,-0.814647,-0.129033,0.951214,0.280251,0.139272,-0.409451,-0.305550,-5.427799,33.918793,29.222492,,,,,,,
1530639469.943827,-2.749208,-1.220274,2.184872,-1.447034,-2.315616,-0.704444,-0.131309,0.939193,0.317289,0.198875,-0.444961,-0.671918,-4.763893,33.061020,30.477070,,,,,,,
1530639469.963796,-2.790791,-1.200302,2.193864,-0.520230,-2.587288,-0.413643,-0.124427,0.932148,0.340022,0.211860,-0.484929,-0.817272,-3.480125,32.381828,31.588165,,,,,,,
1530639469.983765,-2.828217,-1.194307,2.205563,-0.127307,-2.225329,-0.254312,-0.113337,0.929961,0.349750,0.135692,-0.501052,-0.582995,-2.454826,32.323685,31.722626,,,,,,,
1530639470.003735,-2.853021,-1.189438,2.211211,-0.256542,-1.038372,-0.124257,-0.105916,0.928160,0.356789,0.085789,-0.517485,-0.329491,-1.582829,32.245399,32.035248,,,,,,,
1530639470.023704,-2.867058,-1.185160,2.202829,-0.186337,0.030980,0.241447,-0.101973,0.926559,0.362059,0.202696,-0.631622,-0.431838,-1.279110,31.978546,32.168159,,,,,,,
1530639470.043673,-2.881088,-1.189679,2.178273,0.304315,0.598869,0.628300,-0.095803,0.928250,0.359404,0.279626,-0.705929,-0.646391,-1.190189,31.933891,31.638474,,,,,,,
1530639470.063642,-2.892788,-1.206897,2.147789,0.925825,0.929815,0.791522,-0.087643,0.934516,0.344958,0.282955,-0.720435,-0.703326,-1.080620,32.168289,31.270725,,,,,,,
1530639470.083611,-2.896742,-1.234709,2.122780,1.402742,0.892818,0.691349,-0.079945,0.944052,0.319954,0.276127,-0.716117,-0.657250,-1.290298,32.836655,30.501854,,,,,,,
1530639470.103580,-2.897159,-1.268114,2.114024,1.691253,-0.065960,0.442062,-0.072137,0.954540,0.289217,0.271951,-0.659374,-0.625918,-1.030190,33.634377,29.441071,,,,,,,
1530639470.123549,-2.909735,-1.305109,2.119253,1.852725,-1.310574,0.346977,-0.060335,0.964912,0.255543,0.311601,-0.472999,-0.539021,-0.605446,34.404739,28.143345,,,,,,,
1530639470.143518,-2.942373,-1.339692,2.122149,1.439070,-2.135828,0.297795,-0.045330,0.973414,0.224519,0.244823,-0.126765,-0.219072,0.298420,35.198921,27.146629,,,,,,,
1530639470.163487,-2.989845,-1.315748,2.115888,-2.629281,-0.888641,-0.432579,-0.038138,0.967651,0.249390,-0.203531,1.071808,3.046691,1.286648,35.171730,27.585606,,,,,,,
1530639470.183456,-2.961269,-1.275276,2.115154,-1.456305,1.833938,-0.055553,-0.052233,0.956651,0.286515,0.337709,2.199538,2.568969,0.404984,34.313881,28.786209,,,,,,,
1530639470.203425,-2.995096,-1.261714,2.067140,-0.487952,-0.431239,0.847490,-0.044403,0.952613,0.300925,0.406997,0.984475,0.342385,0.438946,33.689293,29.238583,,,,,,,
1530639470.223394,-3.077400,-1.271308,2.019458,1.254883,-2.458308,0.645488,-0.018926,0.955488,0.294423,0.041570,0.593127,0.307338,1.695278,33.657974,29.331417,,,,,,,
1530639470.243363,-3.116790,-1.327311,1.990031,3.278344,1.126349,0.355391,-0.005979,0.970504,0.241013,-0.019793,0.678575,-0.638535,2.744900,34.732880,27.817226,,,,,,,
1530639470.263332,-3.047974,-1.383446,2.008093,2.211791,2.950663,-0.325479,-0.017412,0.982501,0.185441,-0.154387,0.967526,-0.649125,1.874069,36.179649,25.832642,,,,,,,
,,,,,,,,,,,,,,,,39.779379,-84.063929,292.840668,-1.000000,-1.000000,1530639470.237086,
1530639470.283301,-2.887789,-1.399038,2.107947,0.286276,3.089198,-0.951395,-0.042914,0.985286,0.165439,-0.119531,0.306722,-0.449237,0.270260,36.734360,25.262550,,,,,,,
1530639470.303270,-2.728163,-1.387795,2.207496,-0.417925,3.025814,-1.011059,-0.073112,0.983302,0.166650,0.078773,-0.527934,-0.379037,-1.551308,37.002556,25.445129,,,,,,,
1530639470.323239,-2.610453,-1.374047,2.273941,-0.188976,2.230395,-0.775745,-0.099015,0.980707,0.168550,0.140870,-0.946756,-0.505846,-3.290762,36.803940,25.659340,,,,,,,
1530639470.343208,-2.531614,-1.369544,2.324904,0.212955,0.936038,-0.393692,-0.114511,0.979817,0.163847,0.155328,-1.041081,-0.494154,-4.491568,36.981491,25.404724,,,,,,,
1530639470.363177,-2.512118,-1.373381,2.340129,0.197490,-0.140272,0.244085,-0.115469,0.980577,0.158544,0.161138,-0.820085,-0.395192,-4.609262,37.043907,25.096321,,,,,,,
1530639470.383146,-2.581005,-1.380434,2.278069,-0.199450,-0.479600,0.962820,-0.100603,0.981936,0.160254,0.179033,-0.278399,-0.316413,-3.792582,36.859207,25.164246,,,,,,,
1530639470.403115,-2.721246,-1.388017,2.137943,-0.211137,0.194635,1.479575,-0.074173,0.983342,0.165940,0.132172,0.226542,-0.443696,-2.862423,36.533577,25.376534,,,,,,,
1530639470.423084,-2.847835,-1.400500,1.995858,0.363426,0.757029,1.220544,-0.049071,0.985535,0.162212,-0.032366,0.497147,-0.630336,-2.255203,36.811150,25.104679,,,,,,,
1530639470.443053,-2.907059,-1.417112,1.927649,0.839530,0.090925,0.463761,-0.035574,0.988214,0.148887,-0.140986,0.500235,-0.591468,-1.876434,37.191353,24.744091,,,,,,,
1530639470.463022,-2.901962,-1.440110,1.939543,1.306181,-0.557984,0.094354,-0.030929,0.991473,0.126588,-0.092240,0.229581,-0.453431,-1.592463,37.963783,23.584690,,,,,,,
1530639470.482991,-2.866551,-1.470116,1.989072,1.642504,-0.744938,0.135159,-0.027296,0.994936,0.096728,-0.033175,-0.067064,-0.272982,-1.316967,38.297737,22.251778,,,,,,,
1530639470.502960,-2.789698,-1.505667,2.080862,1.900976,-0.751008,0.202477,-0.022430,0.997880,0.061089,-0.057098,-0.232362,-0.170693,-0.765945,39.121315,21.154152,,,,,,,
1530639470.522929,-2.435541,-1.543861,2.450437,2.128341,-0.776641,0.226890,-0.017468,0.999637,0.020486,-0.104862,-0.281070,-0.109887,-0.436375,39.572628,19.378906,,,,,,,
1530639470.542898,-0.460718,-1.543484,-1.842815,2.338568,-0.721979,0.293943,-0.012133,0.999627,-0.024446,-0.135984,-0.191262,-0.046645,0.054539,40.377190,17.567551,,,,,,,
1530639470.562867,-0.053507,-1.488933,-1.438762,3.525206,1.437104,0.423271,-0.004373,0.996651,-0.081649,-0.204733,-0.001961,0.161361,-0.055370,41.052818,15.078125,,,,,,,
1530639470.582836,0.107301,-1.419434,-1.386656,2.926103,7.151879,0.321336,0.016148,0.988567,-0.149914,-0.335179,0.117421,1.428631,-1.086800,41.748314,12.834541,,,,,,,
1530639470.602805,0.265760,-1.384281,-1.386854,1.041894,7.889138,0.273798,0.048703,0.982656,-0.178924,-0.133755,0.041559,0.716842,-2.293766,42.300060,11.831612,,,,,,,
1530639470.622774,0.407067,-1.379752,-1.379501,-0.182685,5.773863,0.037223,0.075178,0.981806,-0.174367,-0.135435,0.078115,0.190969,-3.323698,42.532143,11.194023,,,,,,,
1530639470.642743,0.470674,-1.371949,-1.383829,0.944231,1.782028,0.313336,0.089581,0.980295,-0.176058,-0.166256,-0.054956,-0.156095,-3.470989,42.243000,10.590271,,,,,,,
1530639470.662712,0.466814,-1.346778,-1.387302,1.069056,-0.882867,0.632415,0.099977,0.975013,-0.198380,-0.258775,-0.102591,-0.082153,-2.889645,42.486248,9.638107,,,,,,,
1530639470.682681,0.448449,-1.325744,-1.368553,0.759764,-2.311426,0.660102,0.105187,0.970125,-0.218618,-0.288277,-0.079011,0.064794,-2.032019,42.480522,9.176895,,,,,,,
1530639470.702651,0.414140,-1.306577,-1.350734,0.700904,-2.470728,0.552111,0.105090,0.965297,-0.239079,-0.367831,0.047475,0.373173,-1.331076,42.550117,8.716438,,,,,,,
1530639470.722620,0.402756,-1.303013,-1.328171,-0.364249,-1.233962,0.228617,0.103709,0.964360,-0.243422,-0.508570,0.210048,0.902922,-0.879059,42.395859,8.784592,,,,,,,
1530639470.742589,0.414422,-1.314944,-1.295046,-0.828213,-0.981570,0.149579,0.101901,0.967448,-0.231647,-0.392444,0.182515,0.273960,-0.553505,42.338379,9.542854,,,,,,,
1530639470.762558,0.429732,-1.328135,-1.262508,-0.716159,-0.721381,0.033158,0.100110,0.970702,-0.218439,-0.383679,0.137132,0.192835,-0.332771,42.239723,10.024796,,,,,,,
1530639470.782527,0.426673,-1.342970,-1.253108,-0.736949,-0.501040,-0.380788,0.093471,0.974160,-0.205611,-0.490184,0.332634,0.158904,-0.498623,42.232414,10.434372,,,,,,,
1530639470.802496,0.411748,-1.368614,-1.278810,-1.439910,1.222430,-1.022878,0.080365,0.979631,-0.184024,-0.645230,0.581618,0.704700,-1.170410,41.837166,11.524155,,,,,,,
1530639470.822465,0.400164,-1.422082,-1.327557,-2.749779,1.911778,-1.672110,0.057721,0.988962,-0.136461,-0.689664,0.687338,0.633409,-2.588188,41.350773,13.517906,,,,,,,
1530639470.842434,0.297724,-1.489337,-1.460597,-2.801695,1.070478,-1.972210,0.023868,0.996684,-0.077787,-0.416767,0.702870,0.245237,-4.276564,40.541237,15.582939,,,,,,,
1530639470.862403,-0.675734,-1.544879,-2.427158,-3.025922,-1.356114,-1.935146,-0.016205,0.999664,-0.020215,0.035462,0.403992,0.106000,-5.684464,39.887333,17.776741,,,,,,,
1530639470.882372,-2.275714,-1.502972,2.306643,-3.083716,-3.128074,-1.747858,-0.051619,0.997701,0.043914,0.144392,0.308482,-0.205519,-6.029064,38.616661,20.167717,,,,,,,
1530639470.902341,-2.503987,-1.438692,2.146642,-2.778298,-3.558127,-1.511605,-0.078410,0.991287,0.105841,0.168956,0.372086,-0.413824,-5.797348,37.195343,22.720421,,,,,,,
1530639470.922310,-2.622991,-1.380832,2.095240,-2.571584,-3.238145,-1.020458,-0.093594,0.982011,0.163996,0.262524,0.496917,-0.393916,-5.232016,36.151695,24.840393,,,,,,,
1530639470.942279,-2.726851,-1.331928,2.043345,-2.340051,-2.295534,-0.373427,-0.095340,0.971606,0.216544,0.355334,0.639386,-0.366644,-4.472481,35.046516,26.777149,,,,,,,
1530639470.962248,-2.799038,-1.296255,1.994048,-1.515724,-0.453234,0.086120,-0.091063,0.962550,0.255354,0.341032,0.573278,-0.517728,-4.028315,34.103737,28.135746,,,,,,,
1530639470.982218,-2.815179,-1.282413,1.962432,-0.423005,1.168566,0.172884,-0.091193,0.958705,0.269385,0.328177,0.240270,-0.644354,-4.252844,33.574043,28.316360,,,,,,,
1530639471.002187,-2.806435,-1.275143,1.951940,-0.754331,0.262924,-0.068463,-0.095835,0.956612,0.275152,0.267420,-0.152215,-0.414068,-4.496309,33.075737,28.761414,,,,,,,
1530639471.022156,-2.844323,-1.242598,1.934087,-1.982713,-1.583719,-0.359785,-0.094417,0.946624,0.308201,0.202189,-0.434448,-0.080830,-4.140364,32.270905,29.629364,,,,,,,
1530639471.042125,-2.883900,-1.202252,1.928895,-1.827301,-1.709676,-0.510883,-0.091812,0.932853,0.348362,0.081100,-0.392188,-0.471195,-3.364777,31.298965,30.968952,,,,,,,
1530639471.062093,-2.908900,-1.174272,1.934141,-0.996854,-1.419432,-0.378133,-0.089060,0.922409,0.375805,0.112681,-0.410431,-0.677319,-2.869530,30.523659,31.818512,,,,,,,
1530639471.082062,-2.928434,-1.163791,1.945562,-0.214713,-1.602002,-0.353920,-0.083744,0.918310,0.386903,0.031864,-0.360266,-0.733781,-2.232574,30.146454,32.118809,,,,,,,
1530639471.102031,-2.937292,-1.157723,1.966984,-0.300102,-1.218554,-0.565786,-0.081442,0.915892,0.393077,-0.098612,-0.238203,-0.334056,-1.650587,29.899544,32.237328,,,,,,,
1530639471.122000,-2.930414,-1.146970,1.990081,-0.448464,-0.442741,-0.523795,-0.086203,0.911522,0.402116,-0.030923,-0.179756,-0.295365,-1.464870,29.689514,32.465706,,,,,,,
1530639471.141969,-2.920883,-1.140526,2.003536,-0.098533,-0.003270,-0.237437,-0.091316,0.908853,0.406998,0.102974,-0.200723,-0.509949,-1.350174,29.329384,32.532112,,,,,,,
1530639471.161939,-2.909922,-1.143812,2.011279,0.363645,0.312330,-0.082305,-0.095085,0.910219,0.403064,0.147377,-0.225527,-0.534412,-1.781969,29.698486,32.666794,,,,,,,
1530639471.181908,-2.889545,-1.155224,2.020199,0.734263,0.785353,-0.019263,-0.100681,0.914886,0.390958,0.208485,-0.351546,-0.468396,-2.010651,29.983086,32.426182,,,,,,,
1530639471.201877,-2.861492,-1.174189,2.030135,1.109682,0.944432,0.105847,-0.106791,0.922377,0.371236,0.289530,-0.458052,-0.513723,-2.532896,30.376511,31.687847,,,,,,,
1530639471.221846,-2.835463,-1.202244,2.045647,1.640322,0.260831,0.120618,-0.108573,0.932850,0.343514,0.270301,-0.438221,-0.661965,-2.882044,30.957268,31.009384,,,,,,,
1530639471.241815,-2.816591,-1.239612,2.073043,2.008207,-0.695610,0.168164,-0.103827,0.945658,0.308140,0.258842,-0.364268,-0.621906,-2.706991,32.435371,29.729717,,,,,,,
1530639471.261784,-2.820798,-1.275389,2.088505,1.535177,-0.973332,0.442577,-0.091799,0.956684,0.276276,0.303850,-0.285572,-0.153138,-2.056787,33.388733,29.163261,,,,,,,
1530639471.281754,-2.838053,-1.291738,2.083853,0.172213,-0.268643,0.131562,-0.082332,0.961315,0.262856,-0.061116,0.115345,0.555656,-1.459194,33.637512,28.645149,,,,,,,
1530639471.301723,-2.793126,-1.301486,2.099537,0.623415,2.370046,-0.096723,-0.090850,0.963955,0.250074,-0.398408,0.969471,1.810397,-2.144535,33.976410,28.185287,,,,,,,
1530639471.321692,-2.763292,-1.298880,2.108459,-0.376474,-0.291387,-0.225082,-0.099196,0.963258,0.249586,-0.361558,1.112639,1.666445,-2.955400,34.113060,28.312519,,,,,,,
1530639471.341660,-2.786585,-1.290771,2.125136,-0.193781,-2.604785,-0.452813,-0.096068,0.961048,0.259144,-0.448014,0.483181,0.649944,-2.203949,33.868973,28.512695,,,,,,,
1530639471.361629,-2.795898,-1.288437,2.164044,0.300845,-1.853557,-0.558002,-0.094411,0.960401,0.262137,-0.306102,-0.079923,0.412515,-1.182652,33.729668,28.684261,,,,,,,
1530639471.381598,-2.749680,-1.307851,2.215046,1.862065,1.160796,-0.088799,-0.099279,0.965629,0.240216,-0.148340,0.053048,0.281405,-1.215591,34.308540,28.108391,,,,,,,
1530639471.401567,-2.616501,-1.355309,2.290183,2.607251,3.676216,0.413656,-0.107187,0.976872,0.185015,0.149820,0.396999,-0.504885,-2.353916,35.182373,26.604633,,,,,,,
1530639471.421536,-2.455640,-1.394204,2.375259,1.611791,3.792017,0.316985,-0.111274,0.984448,0.135940,0.166908,0.693195,-0.477767,-3.923239,36.253426,24.892010,,,,,,,
1530639471.441505,-2.332704,-1.402903,2.431354,0.131001,3.050512,-0.298505,-0.120904,0.985939,0.115353,0.269769,0.627937,-0.440976,-5.351141,36.773827,24.210743,,,,,,,
1530639471.461474,-2.272699,-1.394274,2.439287,-0.344834,2.399462,-0.313824,-0.134097,0.984460,0.113385,0.409823,-0.085931,-0.365475,-6.714193,36.595528,24.042198,,,,,,,
1530639471.481443,-2.255125,-1.388314,2.413253,-0.360372,1.993962,0.058632,-0.140612,0.983396,0.114718,0.382509,-0.485334,-0.243288,-7.671091,36.437035,24.241669,,,,,,,
1530639471.501413,-2.264249,-1.389267,2.370450,-0.193311,1.374314,0.420565,-0.138839,0.983569,0.115397,0.303435,-0.696765,-0.261103,-8.343634,36.243301,24.175312,,,,,,,
1530639471.521382,-2.300355,-1.399128,2.320627,0.090182,0.116482,0.794351,-0.127346,0.985301,0.113863,0.312832,-0.603053,-0.372820,-8.197226,36.191010,24.033962,,,,,,,
1530639471.541351,-2.381628,-1.415475,2.253023,0.209897,-1.179205,1.062924,-0.106569,0.987962,0.112133,0.333391,-0.216294,-0.350856,-7.471195,36.369835,23.957706,,,,,,,
1530639471.561321,-2.509551,-1.435030,2.158093,0.389464,-1.977110,1.181190,-0.079963,0.990798,0.109203,0.339714,0.087480,-0.321773,-6.029150,36.510040,24.036308,,,,,,,
1530639471.581289,-2.645898,-1.456314,2.065455,0.715606,-2.316598,0.931250,-0.054334,0.993454,0.100483,0.239911,0.259216,-0.318989,-4.444244,36.702477,23.907883,,,,,,,
1530639471.601258,-2.719346,-1.477913,2.038104,1.006195,-2.306416,0.402962,-0.038010,0.995689,0.084604,0.125931,0.255745,-0.275797,-3.009283,36.908524,23.469345,,,,,,,
1530639471.621227,-2.696155,-1.499856,2.106156,1.160364,-2.195366,0.140850,-0.030539,0.997485,0.063963,0.092535,0.058729,-0.182448,-1.832531,37.448753,22.868576,,,,,,,
1530639471.641196,-2.582378,-1.523087,2.261847,1.286926,-2.033382,0.176953,-0.025301,0.998862,0.040427,0.095583,-0.098090,-0.111166,-1.026802,37.898582,21.969521,,,,,,,
1530639471.661165,-2.171795,-1.547381,2.710537,1.485203,-1.809031,0.290244,-0.019312,0.999726,0.013241,0.063563,-0.136780,-0.081508,-0.007229,38.373276,20.972969,,,,,,,
1530639471.681134,-0.577792,-1.548002,-1.947707,1.737247,-1.359219,0.363067,-0.012445,0.999740,-0.019087,0.002359,-0.089431,-0.022524,0.568623,38.921593,19.912354,,,,,,,
1530639471.701103,0.007061,-1.501179,-1.364718,3.085555,1.821896,0.832107,0.000491,0.997578,-0.069556,-0.128421,-0.094852,0.394263,1.179173,39.460632,18.120178,,,,,,,
1530639471.721072,0.172832,-1.454404,-1.284303,1.620270,5.245095,0.269976,0.019971,0.993234,-0.114398,-0.517743,0.114142,1.342883,0.776493,40.203476,16.454674,,,,,,,
1530639471.741041,0.235850,-1.443139,-1.331440,0.133353,5.314144,-0.385757,0.029749,0.991863,-0.123786,-0.345041,0.124394,0.537497,-0.676834,40.425453,15.913002,,,,,,,
1530639471.761011,0.266084,-1.450738,-1.393439,-0.449987,4.122549,-0.449993,0.031494,0.992802,-0.115555,-0.125656,0.049969,-0.041748,-2.271114,40.449986,15.890366,,,,,,,
1530639471.780980,0.319242,-1.461593,-1.407319,-0.388075,2.834716,-0.037322,0.034205,0.994043,-0.103480,-0.084147,-0.079752,-0.107335,-3.451399,40.269375,16.104012,,,,,,,
1530639471.800949,0.412499,-1.455458,-1.349240,0.453946,1.128514,0.655140,0.046137,0.993356,-0.105431,-0.127802,-0.147576,-0.220604,-3.698502,40.228458,16.249146,,,,,,,
1530639471.820918,0.489156,-1.437799,-1.276363,0.629125,-0.291165,0.812517,0.062309,0.991169,-0.117054,-0.253318,-0.046039,-0.133617,-3.273867,40.409470,15.613029,,,,,,,
1530639471.840887,0.514883,-1.418463,-1.230775,0.741348,-1.348032,0.708079,0.074724,0.988420,-0.132070,-0.322175,-0.040406,-0.074030,-2.477800,40.661251,15.323433,,,,,,,
1530639471.860856,0.496364,-1.397202,-1.213588,0.948948,-1.982099,0.599267,0.082257,0.984970,-0.151879,-0.356777,-0.030655,0.004205,-1.677500,40.933693,14.793640,,,,,,,
1530639471.880825,0.451576,-1.373166,-1.216436,1.137673,-2.139189,0.478942,0.085683,0.980535,-0.176665,-0.401936,0.038554,0.106184,-0.389526,40.900505,13.545242,,,,,,,
1530639471.900794,0.399230,-1.349270,-1.229086,1.126453,-1.870831,0.304552,0.085407,0.975563,-0.202440,-0.426975,0.058693,0.221712,0.345303,41.146439,12.607346,,,,,,,
1530639471.920763,0.373561,-1.334662,-1.244202,0.241192,0.666102,0.008066,0.085375,0.972250,-0.217812,-0.383196,-0.015127,0.991676,0.180347,41.479916,12.402496,,,,,,,
1530639471.940732,0.396305,-1.346939,-1.249792,-0.884966,1.455141,-0.539109,0.085692,0.975048,-0.204787,-0.339736,0.096241,0.517744,-0.225243,41.343388,13.053848,,,,,,,
1530639471.960701,0.365714,-1.376906,-1.303918,-1.320463,0.935705,-1.390083,0.068905,0.981262,-0.179936,-0.396328,0.280014,0.149387,-1.290543,40.938072,14.206421,,,,,,,
1530639471.980670,0.250975,-1.415400,-1.444904,-1.577623,1.466908,-1.888444,0.038438,0.987950,-0.149924,-0.260682,0.536922,0.606329,-2.921408,40.741028,15.095993,,,,,,,
1530639472.000639,0.051956,-1.461477,-1.676151,-2.344019,1.341656,-1.778420,0.005666,0.994031,-0.108956,-0.106389,0.635654,0.770546,-4.706276,40.055950,16.909668,,,,,,,
1530639472.020608,-0.469283,-1.508728,-2.210324,-2.851122,-0.005912,-1.800000,-0.028052,0.998074,-0.055322,-0.025720,0.538318,0.386163,-5.991117,39.210579,18.960106,,,,,,,
1530639472.040578,-1.642772,-1.503701,2.916910,-2.989949,-1.508220,-1.970780,-0.066864,0.997750,0.004821,0.057663,0.388053,0.057206,-6.873343,38.057938,21.387123,,,,,,,
1530639472.060547,-2.134099,-1.449329,2.463727,-2.713921,-2.162421,-1.725586,-0.102442,0.992632,0.064699,0.211665,0.353407,-0.158403,-7.216419,36.851044,23.393532,,,,,,,
1530639472.080516,-2.339507,-1.396851,2.299066,-2.508818,-2.044754,-1.031555,-0.124400,0.984910,0.120316,0.320460,0.399536,-0.266251,-6.928972,35.628967,25.423584,,,,,,,
1530639472.100485,-2.486672,-1.353490,2.183700,-2.249829,-1.477388,-0.398488,-0.131319,0.976482,0.170988,0.333192,0.464543,-0.391936,-6.469799,34.470406,27.197372,,,,,,,
1530639472.120454,-2.583303,-1.320625,2.103386,-1.580704,-0.475473,-0.047039,-0.131145,0.968870,0.209977,0.266079,0.494372,-0.509980,-6.231810,33.634918,28.480270,,,,,,,
1530639472.140423,-2.631789,-1.303399,2.049016,-0.952291,0.289229,0.287524,-0.128940,0.964462,0.230621,0.377186,0.306717,-0.481872,-6.125154,33.307983,29.032169,,,,,,,
1530639472.160392,-2.714370,-1.283676,1.974031,-1.643038,-1.012689,0.537752,-0.117338,0.959063,0.257736,0.517377,-0.026721,0.061234,-5.487051,32.453323,29.994057,,,,,,,
1530639472.180361,-2.806373,-1.252278,1.900595,-1.888682,-0.926032,0.309987,-0.103021,0.949700,0.295727,0.231363,-0.216836,-0.043240,-4.630026,31.746223,31.096493,,,,,,,
1530639472.200330,-2.844523,-1.220827,1.868344,-1.468641,-0.070639,-0.168154,-0.100364,0.939383,0.327849,-0.002648,-0.223517,-0.277388,-4.530046,30.795654,32.138790,,,,,,,
1530639472.220299,-2.834022,-1.198534,1.872219,-0.783368,0.534181,-0.501495,-0.110114,0.931507,0.346652,-0.031182,-0.199421,-0.471576,-5.064346,30.331200,32.588947,,,,,,,
1530639472.240268,-2.801872,-1.187411,1.895138,-0.192091,0.449718,-0.607433,-0.124645,0.927404,0.352681,-0.000812,-0.216634,-0.583622,-5.315544,29.861198,32.692039,,,,,,,
1530639472.260237,-2.772973,-1.182624,1.923673,-0.001563,-0.117031,-0.552876,-0.136382,0.925602,0.353069,0.029449,-0.251683,-0.544292,-5.719759,30.109222,32.974586,,,,,,,
1530639472.280207,-2.768410,-1.177671,1.941703,-0.189193,-0.872783,-0.287051,-0.139662,0.923716,0.356708,0.098234,-0.306971,-0.509769,-5.444733,29.848961,32.800419,,,,,,,
1530639472.300176,-2.791299,-1.173070,1.937614,-0.232692,-0.910095,0.161900,-0.132918,0.921944,0.363799,0.187331,-0.367989,-0.463988,-4.909334,29.638527,32.872372,,,,,,,
1530639472.320145,-2.822613,-1.173341,1.916886,-0.044581,-0.395765,0.485930,-0.121384,0.922049,0.367545,0.206010,-0.382346,-0.463034,-4.393576,29.685791,33.046158,,,,,,,
1530639472.340114,-2.847123,-1.177859,1.890419,0.119280,0.203048,0.566884,-0.111130,0.923788,0.366419,0.185563,-0.386084,-0.404460,-4.079210,29.940666,32.932327,,,,,,,
1530639472.360083,-2.860791,-1.185288,1.866501,0.296867,0.503617,0.514669,-0.104207,0.926607,0.361300,0.195103,-0.384630,-0.395876,-4.059303,30.223213,33.120556,,,,,,,
1530639472.380052,-2.866949,-1.197251,1.849420,0.634135,0.422351,0.437342,-0.098967,0.931039,0.351239,0.222868,-0.381540,-0.409681,-4.053267,30.650040,32.723301,,,,,,,
1530639472.400021,-2.867918,-1.217875,1.844991,1.177586,-0.041558,0.290179,-0.093416,0.938367,0.332774,0.205782,-0.339643,-0.430370,-3.921101,31.221336,31.991798,,,,,,,
1530639472.419990,-2.860215,-1.247375,1.860144,1.647018,-0.465320,0.087908,-0.088249,0.948153,0.305312,0.119789,-0.244113,-0.303664,-3.633986,32.249947,31.000984,,,,,,,
1530639472.439959,-2.839071,-1.281737,1.892010,1.822684,-0.362242,0.019672,-0.084924,0.958512,0.272104,0.061944,-0.074784,0.033361,-3.409739,33.123055,29.781723,,,,,,,
1530639472.459928,-2.790121,-1.317557,1.934215,1.850719,1.126952,0.016845,-0.086255,0.968106,0.235222,-0.162066,0.259341,0.856788,-3.658857,34.254753,28.764603,,,,,,,
1530639472.479898,-2.695349,-1.334878,1.981949,0.332690,2.770299,-0.334368,-0.100875,0.972300,0.210845,-0.612687,0.895894,2.308717,-4.826521,34.759445,28.058449,,,,,,,
1530639472.499867,-2.673571,-1.324030,1.982099,-0.766111,-0.285126,-0.154035,-0.110194,0.969707,0.217999,-0.371129,1.081913,1.392582,-5.412252,34.651085,28.275188,,,,,,,
1530639472.519836,-2.730726,-1.307300,1.965617,-0.840442,-2.829074,-0.234531,-0.104027,0.965485,0.238779,-0.306862,0.479003,0.593908,-4.304728,34.258232,28.918186,,,,,,,
1530639472.539805,-2.774663,-1.300946,1.975360,0.400621,-2.006282,-0.187723,-0.095638,0.963811,0.248840,-0.241383,0.009532,0.430740,-3.285997,34.204582,29.241158,,,,,,,
1530639472.559774,-2.709586,-1.336949,2.035507,2.662651,1.315927,0.108327,-0.097020,0.972782,0.210431,-0.085476,0.142819,-0.648037,-3.338045,35.232010,27.957249,,,,,,,
1530639472.579743,-2.577265,-1.386865,2.147422,2.502769,0.860677,0.179016,-0.097819,0.983132,0.154534,0.037196,0.513068,-0.931207,-3.937868,36.706161,26.216530,,,,,,,
1530639472.599712,-2.473567,-1.412340,2.236285,0.814386,0.951519,0.052942,-0.097741,0.987472,0.123872,0.173608,0.532349,-0.495348,-4.153801,37.582809,25.060371,,,,,,,
1530639472.619681,-2.423056,-1.413108,2.258059,-0.084802,1.730475,-0.164521,-0.103372,0.987593,0.118209,0.280755,-0.007826,-0.279190,-4.788736,37.522591,24.966328,,,,,,,
1530639472.639650,-2.390915,-1.411211,2.249864,-0.087212,2.135846,0.121110,-0.108397,0.987293,0.116198,0.354475,-0.453236,-0.234469,-5.636814,37.709991,24.458851,,,,,,,
1530639472.659619,-2.381190,-1.415917,2.214786,0.035633,2.210550,0.486860,-0.106319,0.988030,0.111771,0.302287,-0.637673,-0.178986,-6.425312,37.683533,24.309967,,,,,,,
1530639472.679589,-2.384622,-1.426879,2.172136,0.270361,1.671737,0.650009,-0.098491,0.989662,0.104256,0.227214,-0.632331,-0.265160,-6.840551,38.120354,24.004543,,,,,,,
1530639472.699558,-2.401834,-1.441400,2.134992,0.393949,0.563045,0.696187,-0.086984,0.991640,0.095309,0.247399,-0.277391,-0.327502,-6.834764,38.298424,23.582623,,,,,,,
1530639472.719527,-2.440961,-1.457267,2.094298,0.466271,-0.150258,0.717855,-0.073035,0.993562,0.086599,0.289603,0.062712,-0.265722,-6.443039,38.495186,23.400406,,,,,,,
1530639472.739496,-2.486638,-1.474963,2.054704,0.626910,-0.374283,0.699968,-0.058285,0.995411,0.075886,0.303036,0.288539,-0.216145,-5.722540,38.818466,22.846184,,,,,,,
1530639472.759465,-2.492470,-1.493816,2.056823,0.836532,-0.406893,0.457067,-0.046488,0.997038,0.061264,0.188288,0.323152,-0.179657,-5.223970,39.353004,22.305077,,,,,,,
1530639472.779434,-2.378436,-1.512478,2.181148,1.069375,-0.582917,0.199203,-0.040286,0.998300,0.042119,0.090686,0.161780,-0.162572,-4.767275,39.631859,21.646271,,,,,,,
1530639472.799403,-2.024610,-1.529180,2.551020,1.354450,-0.917905,0.098560,-0.037390,0.999134,0.018238,0.035163,-0.042622,-0.127872,-4.184059,39.926952,21.003578,,,,,,,
1530639472.819372,-1.029171,-1.532155,-2.710768,2.502826,-1.486389,0.358592,-0.033099,0.999254,-0.019914,-0.018949,-0.198182,-0.157973,-3.929264,40.859009,19.380081,,,,,,,
1530639472.839341,-0.270003,-1.484253,-1.921233,3.169065,-1.161287,0.566606,-0.023055,0.996257,-0.083302,-0.192094,-0.154873,0.341587,-3.044788,41.746483,17.175858,,,,,,,
1530639472.859311,-0.197025,-1.452640,-1.849194,0.727634,0.706040,-0.362554,-0.023075,0.993028,-0.115598,-0.662853,0.094298,1.438840,-3.013184,42.539574,15.582848,,,,,,,
1530639472.879280,-0.262067,-1.452194,-1.934961,-0.409574,0.985148,-0.441833,-0.030655,0.992975,-0.114282,-0.231186,0.070608,0.245401,-3.565752,42.755779,15.258438,,,,,,,
1530639472.899249,-0.299621,-1.464348,-1.989303,-0.767054,0.714609,0.065419,-0.031359,0.994340,-0.101512,-0.046125,-0.006547,-0.033498,-3.767262,42.281666,15.721336,,,,,,,
1530639472.919218,-0.283640,-1.480378,-1.982880,-0.717752,0.329700,0.330512,-0.025269,0.995915,-0.086686,-0.084823,-0.061085,-0.096221,-4.001486,42.556763,16.400307,,,,,,,
1530639472.939187,-0.236136,-1.492922,-1.937230,-0.440863,-0.030295,0.334454,-0.018200,0.996969,-0.075637,-0.104496,-0.106039,-0.106721,-3.658442,42.293026,16.674515,,,,,,,
1530639472.959156,-0.174307,-1.498435,-1.871315,-0.085936,-0.285053,0.281987,-0.012538,0.997383,-0.071200,-0.087438,-0.149559,-0.091626,-3.474216,42.286095,17.038864,,,,,,,
1530639472.979125,-0.099145,-1.496104,-1.787869,0.305080,-0.471887,0.302796,-0.007386,0.997212,-0.074254,-0.059280,-0.152424,-0.070521,-3.161942,42.509815,16.794800,,,,,,,
1530639472.999094,-0.014723,-1.485370,-1.692111,0.708186,-0.592901,0.383119,-0.001256,0.996353,-0.085311,-0.046748,-0.091477,-0.042466,-2.639999,42.553909,16.342331,,,,,,,
1530639473.019063,0.059728,-1.466291,-1.605105,1.077773,-0.604563,0.455694,0.006227,0.994544,-0.104126,-0.067033,-0.076072,-0.002761,-2.246031,42.944656,15.620468,,,,,,,
1530639473.039033,0.103692,-1.440757,-1.549510,1.328910,-0.536865,0.391867,0.013422,0.991557,-0.128976,-0.123728,-0.042399,0.048135,-1.672997,43.391346,14.702736,,,,,,,
1530639473.059002,0.113797,-1.411951,-1.529566,1.458016,-0.446485,0.246407,0.017961,0.987411,-0.157155,-0.171419,0.029954,0.093617,-1.416735,43.721180,13.525986,,,,,,,
1530639473.078971,0.108022,-1.382186,-1.528028,1.476657,-0.324346,0.143256,0.020214,0.982266,-0.186402,-0.209454,0.095386,0.136368,-1.237532,44.221039,12.365303,,,,,,,
1530639473.098940,0.099212,-1.353334,-1.532136,1.418305,-0.173853,0.093915,0.021370,0.976448,-0.214691,-0.250908,0.150276,0.172943,-1.106979,44.596790,11.083992,,,,,,,
1530639473.118909,0.103691,-1.321134,-1.535103,1.896652,1.004417,0.174310,0.025574,0.968996,-0.245749,-0.280670,0.129667,0.284751,-1.132973,44.884270,9.634857,,,,,,,
1530639473.138878,0.210196,-1.301378,-1.542066,-0.243692,8.401078,-0.263317,0.055537,0.963926,-0.260313,-0.542872,0.327761,2.646132,-1.546040,44.985493,8.451500,,,,,,,
1530639473.158847,0.361081,-1.341667,-1.578364,-2.503155,9.197400,-1.490785,0.080242,0.973865,-0.212483,-0.516231,0.577832,0.900365,-3.372759,45.130325,9.199776,,,,,,,
1530639473.178816,0.418467,-1.409670,-1.652079,-2.539236,3.600155,-2.071751,0.065192,0.987047,-0.146586,-0.646140,0.554441,0.862055,-5.848785,44.780365,10.627640,,,,,,,
1530639473.198785,0.271089,-1.468170,-1.798132,-2.531792,-1.655092,-1.825385,0.027433,0.994739,-0.098703,-0.494367,0.404950,-0.319785,-7.993458,44.266060,12.849182,,,,,,,
1530639473.218755,-0.267635,-1.523766,-2.276366,-2.680270,-3.797745,-1.825510,-0.012431,0.998894,-0.045334,-0.329183,0.411308,-0.341003,-8.971041,43.732567,15.167442,,,,,,,
1530639473.238724,-1.709236,-1.518279,2.656717,-2.408983,-4.988543,-1.885915,-0.051989,0.998621,0.007244,-0.070859,0.312948,-0.199138,-9.463230,42.793674,18.285324,,,,,,,
1530639473.258693,-2.217537,-1.466297,2.249234,-2.478087,-5.069705,-1.639665,-0.083243,0.994545,0.062854,0.056738,0.288734,-0.109943,-9.332296,42.146633,21.215591,,,,,,,
1530639473.278662,-2.446816,-1.411100,2.115207,-2.573893,-4.637647,-1.218094,-0.101805,0.987276,0.122157,0.051741,0.412215,-0.330317,-8.399855,40.396610,25.523464,,,,,,,
1530639473.298631,-2.605509,-1.359286,2.037802,-2.428148,-3.761300,-0.722535,-0.107230,0.977715,0.180486,0.081885,0.685356,-0.381810,-7.191813,39.261314,28.105042,,,,,,,
1530639473.318600,-2.704035,-1.322008,1.989055,-1.521691,-1.705434,-0.180870,-0.104335,0.969212,0.223032,0.117915,0.880032,-0.527125,-6.542677,38.297119,29.848976,,,,,,,
1530639473.338569,-2.741562,-1.304072,1.953998,-0.877919,0.667633,0.159127,-0.102647,0.964639,0.242763,0.192125,0.660452,-0.392086,-6.798420,37.891594,30.866615,,,,,,,
1530639473.358538,-2.767014,-1.281178,1.901109,-1.673393,1.340896,0.215081,-0.104490,0.958353,0.265784,0.319670,0.084280,0.159433,-7.458752,37.160149,31.920372,,,,,,,
1530639473.378507,-2.788180,-1.244533,1.860622,-1.940414,0.456070,-0.325603,-0.110927,0.947247,0.300696,0.080623,-0.221050,-0.325079,-8.017029,35.818962,33.308620,,,,,,,
1530639473.398477,-2.784757,-1.210698,1.871419,-1.190167,-0.804647,-0.993266,-0.123085,0.935862,0.330168,-0.048180,-0.316340,-0.778395,-8.299170,35.020889,34.456543,,,,,,,
1530639473.418446,-2.769355,-1.190638,1.916705,-0.375175,-1.570119,-1.125365,-0.134957,0.928606,0.345654,0.067498,-0.390490,-0.792279,-8.182590,34.638725,35.281616,,,,,,,
1530639473.438415,-2.760832,-1.180259,1.958876,-0.159792,-1.435605,-0.792673,-0.141473,0.924704,0.353421,0.172021,-0.440604,-0.515805,-7.781218,34.462906,35.575397,,,,,,,
1530639473.458384,-2.762883,-1.171144,1.982150,-0.327116,-1.008331,-0.473899,-0.143858,0.921196,0.361526,0.155683,-0.396416,-0.375137,-7.372950,33.963379,36.265156,,,,,,,
1530639473.478353,-2.772443,-1.162191,1.988307,-0.352807,-0.672693,-0.160308,-0.143365,0.917676,0.370562,0.192880,-0.377530,-0.444796,-6.949800,33.785828,36.605015,,,,,,,
1530639473.498322,-2.787804,-1.159223,1.986025,-0.003241,-0.689735,0.052660,-0.138600,0.916492,0.375275,0.212574,-0.352634,-0.653092,-6.475485,33.891914,37.287392,,,,,,,
1530639473.518291,-2.801413,-1.165311,1.984442,0.434084,-0.504148,0.172923,-0.131616,0.918911,0.371859,0.240685,-0.350689,-0.680407,-6.100271,34.048820,36.962799,,,,,,,
1530639473.538260,-2.805290,-1.178601,1.983687,0.713248,0.047109,0.261045,-0.126131,0.924072,0.360806,0.291781,-0.393753,-0.598798,-5.694069,34.542206,36.573055,,,,,,,
1530639473.558229,-2.801027,-1.195722,1.982596,0.835385,0.308273,0.322473,-0.122365,0.930480,0.345301,0.328603,-0.470855,-0.574946,-5.745367,35.165329,36.083035,,,,,,,
1530639473.578199,-2.800692,-1.215356,1.981280,0.986097,-0.156857,0.370394,-0.116350,0.937493,0.327977,0.351152,-0.493279,-0.628590,-5.633680,36.160019,35.879623,,,,,,,
1530639473.598168,-2.812892,-1.240074,1.979873,1.252828,-0.751529,0.468220,-0.104826,0.945808,0.307342,0.343626,-0.427299,-0.592987,-4.850946,37.100677,34.703232,,,,,,,
1530639473.618137,-2.839155,-1.267316,1.972631,1.200935,-1.068821,0.538423,-0.089010,0.954302,0.285280,0.272527,-0.263125,-0.337450,-3.967764,37.821907,34.123165,,,,,,,
1530639473.638106,-2.875831,-1.286697,1.958826,0.544542,-1.241001,0.405463,-0.073617,0.959915,0.270453,0.086282,0.036103,0.067041,-2.834103,38.425575,33.617237,,,,,,,
1530639473.658075,-2.911399,-1.300474,1.942406,0.867367,-0.628467,0.410368,-0.060930,0.963685,0.259998,-0.094435,0.819228,1.527401,-1.951387,38.761742,33.147564,,,,,,,
1530639473.678044,-2.912626,-1.308595,1.941900,0.213476,0.554894,-0.191709,-0.058833,0.965822,0.252442,-0.655538,1.393797,2.587463,-2.077694,39.258255,33.110302,,,,,,,
1530639473.698013,-2.826998,-1.310966,1.997654,0.379733,1.911201,-0.938673,-0.079498,0.966434,0.244308,-0.785553,0.593671,1.094529,-3.448286,39.532825,32.820244,,,,,,,
1530639473.717982,-2.700558,-1.310742,2.091980,0.538510,1.638584,-1.113165,-0.109764,0.966376,0.232528,-0.374016,0.021432,0.220994,-5.286861,40.027554,32.620266,,,,,,,
1530639473.737951,-2.573005,-1.325384,2.182113,1.608696,2.413071,-0.299006,-0.130818,0.970037,0.204731,-0.038234,0.200419,-0.223789,-6.709913,40.756271,31.449032,,,,,,,
1530639473.757921,-2.448117,-1.358796,2.260274,1.873247,2.178452,0.571718,-0.134501,0.977612,0.161816,0.221521,0.537235,-0.725017,-7.753788,41.713249,29.684727,,,,,,,
1530639473.777890,-2.374488,-1.390254,2.309480,1.189208,0.709951,0.646348,-0.124626,0.983747,0.129271,0.202110,0.807452,-0.617613,-7.942799,42.792732,28.338394,,,,,,,
1530639473.797859,-2.348436,-1.405089,2.334375,0.435674,-0.234071,0.228131,-0.117539,0.986302,0.115729,0.242921,0.375774,-0.361442,-7.788540,43.199604,27.750156,,,,,,,
1530639473.817828,-2.352361,-1.411048,2.341340,0.182357,-0.692907,0.183323,-0.112909,0.987267,0.112046,0.253686,-0.277566,-0.249665,-7.289225,43.156651,27.694889,,,,,,,
1530639473.837797,-2.378413,-1.416328,2.331234,0.116615,-0.849179,0.276022,-0.106346,0.988094,0.111180,0.195778,-0.594005,-0.175130,-6.725321,43.286114,27.701668,,,,,,,
1530639473.857766,-2.416650,-1.422168,2.309657,0.108784,-0.852907,0.336487,-0.098192,0.988975,0.110844,0.152101,-0.740760,-0.132252,-6.061510,43.519207,27.852505,,,,,,,
1530639473.877735,-2.461703,-1.429083,2.283393,0.163939,-1.078523,0.394131,-0.088798,0.989975,0.109834,0.174980,-0.608735,-0.178758,-5.214798,43.598724,27.734550,,,,,,,
1530639473.897704,-2.521381,-1.437788,2.251489,0.256864,-1.629845,0.457346,-0.077078,0.991167,0.107918,0.233526,-0.169710,-0.278252,-4.115200,43.760006,27.604202,,,,,,,
1530639473.917674,-2.587950,-1.449418,2.221251,0.471595,-1.875237,0.493782,-0.063664,0.992643,0.102994,0.263798,0.201220,-0.290143,-2.871704,43.976055,27.246895,,,,,,,
1530639473.937643,-2.630014,-1.466188,2.211416,0.834894,-1.404614,0.425307,-0.051118,0.994534,0.091050,0.243455,0.372257,-0.251816,-1.836073,44.267925,26.991413,,,,,,,
1530639473.957612,-2.573552,-1.486027,2.288142,1.149365,-0.794897,0.039862,-0.045549,0.996409,0.071370,0.118364,0.318822,-0.200444,-1.237680,44.780117,26.177723,,,,,,,
1530639473.977581,-2.336590,-1.504217,2.536736,1.366515,-0.447535,-0.235805,-0.047955,0.997784,0.046111,0.069119,0.089847,-0.157423,-0.974861,45.290844,25.154800,,,,,,,
1530639473.997550,-1.886646,-1.514719,2.994072,1.504250,-0.284971,-0.283942,-0.053269,0.998428,0.017408,0.069001,-0.130783,-0.102460,-1.184448,46.103268,23.875446,,,,,,,
1530639474.017519,-1.339955,-1.511237,-2.737451,1.600994,-0.175257,-0.190613,-0.057940,0.998227,-0.013618,0.056353,-0.255841,-0.047540,-1.347408,46.655949,22.316383,,,,,,,
1530639474.037488,-0.912973,-1.494947,-2.307264,1.664809,-0.085762,-0.045259,-0.059962,0.997125,-0.046328,0.017878,-0.258721,-0.005491,-1.413797,47.154293,20.795372,,,,,,,
1530639474.057457,-0.604548,-1.469895,-2.003912,1.985253,0.910088,0.241931,-0.057254,0.994914,-0.082876,-0.057172,-0.167308,0.111090,-1.513475,47.921120,18.946304,,,,,,,
1530639474.077426,-0.377056,-1.443705,-1.830067,1.209466,3.495244,0.150504,-0.046667,0.991935,-0.117845,-0.394160,0.042291,1.038255,-2.224775,48.450882,17.373383,,,,,,,
1530639474.097396,-0.273860,-1.432148,-1.800932,0.345974,3.583050,-0.054490,-0.037377,0.990404,-0.133054,-0.279472,0.098540,0.327848,-3.115175,48.747051,16.730904,,,,,,,
1530639474.117365,-0.213202,-1.430425,-1.800519,-0.050822,2.637722,0.018526,-0.029604,0.990164,-0.136742,-0.159071,0.032831,-0.019248,-4.095793,48.881069,16.493744,,,,,,,
1530639474.137334,-0.164054,-1.433981,-1.792124,-0.198352,1.688736,0.129843,-0.022275,0.990655,-0.134557,-0.140979,-0.087198,-0.038462,-4.554688,48.554867,16.349228,,,,,,,
1530639474.157303,-0.116216,-1.437526,-1.766753,-0.099413,0.809254,0.235637,-0.015408,0.991133,-0.131980,-0.115635,-0.178923,-0.051232,-4.861883,48.879822,16.442314,,,,,,,
1530639474.177272,-0.061074,-1.436721,-1.718055,0.185896,0.069686,0.373548,-0.008159,0.991025,-0.133425,-0.093404,-0.164945,-0.049085,-4.660389,48.525379,16.260017,,,,,,,
1530639474.197241,0.000383,-1.428809,-1.649871,0.542549,-0.528551,0.503832,0.000054,0.989937,-0.141511,-0.100182,-0.051476,-0.034866,-4.288843,48.709488,16.047943,,,,,,,
1530639474.217210,0.053189,-1.413514,-1.580079,0.868362,-0.976093,0.554282,0.008327,0.987657,-0.156414,-0.120846,0.013991,0.000530,-3.838795,48.935986,15.463470,,,,,,,
1530639474.237179,0.081749,-1.392248,-1.527718,1.110285,-1.259307,0.471604,0.014503,0.984103,-0.177008,-0.155936,0.074537,0.045736,-3.230118,49.092636,14.619812,,,,,,,
1530639474.257149,0.086815,-1.367868,-1.495806,1.220173,-1.334824,0.371922,0.017475,0.979481,-0.200780,-0.186664,0.121288,0.111058,-2.556047,49.225929,13.797615,,,,,,,
1530639474.277118,0.082031,-1.343020,-1.474778,1.212318,-1.217333,0.303549,0.018503,0.974171,-0.225053,-0.210275,0.101986,0.181306,-2.123169,49.160130,12.484421,,,,,,,
1530639474.297087,0.068870,-1.318080,-1.467615,1.280115,-0.860365,0.082372,0.017206,0.968237,-0.249442,-0.229227,0.084085,0.236105,-1.987873,49.499477,11.368965,,,,,,,
1530639474.317056,0.060392,-1.298031,-1.479596,0.358799,1.384759,-0.157975,0.016259,0.963030,-0.268904,-0.206979,0.074126,0.836302,-2.129772,49.616985,10.390099,,,,,,,
1530639474.337025,0.101413,-1.321504,-1.494410,-1.784009,3.078402,-0.409536,0.024978,0.969087,-0.245451,-0.234069,0.323714,1.188261,-2.927631,49.466312,11.118813,,,,,,,
1530639474.356994,0.122783,-1.362641,-1.533019,-1.913003,2.929844,-0.790672,0.025310,0.978414,-0.205100,-0.383205,0.444301,0.255561,-4.131287,48.965565,13.029617,,,,,,,
1530639474.376963,0.100198,-1.400763,-1.616715,-2.030449,2.769147,-1.173067,0.016927,0.985579,-0.168367,-0.592977,0.465547,0.722078,-5.772488,48.354183,14.596046,,,,,,,
1530639474.396932,-0.067109,-1.457992,-1.815838,-3.205595,0.522378,-1.553170,-0.007548,0.993644,-0.112312,-0.564381,0.596047,0.554710,-7.647144,47.455708,16.897942,,,,,,,
1530639474.416901,-0.696817,-1.509634,-2.426256,-3.173867,-1.889876,-1.526315,-0.039228,0.998130,-0.046876,-0.173510,0.511635,-0.013793,-8.729418,46.292007,19.903488,,,,,,,
1530639474.436871,-1.796555,-1.498664,2.810085,-2.908638,-3.167484,-1.484614,-0.070242,0.997400,0.016133,0.025519,0.245368,-0.211354,-9.174959,44.549393,23.210243,,,,,,,
1530639474.456840,-2.253720,-1.449337,2.422841,-2.629322,-3.736553,-1.258451,-0.093988,0.992633,0.076460,0.043863,0.126416,-0.427412,-8.695690,42.918922,25.762806,,,,,,,
1530639474.476809,-2.473510,-1.400325,2.272850,-2.440788,-3.425695,-0.724017,-0.105093,0.985505,0.133174,0.122564,0.284286,-0.395351,-7.997257,41.554211,28.501167,,,,,,,
1530639474.496778,-2.629945,-1.359407,2.171386,-2.047536,-2.374744,-0.107310,-0.102730,0.977740,0.182949,0.128273,0.550717,-0.445034,-6.569992,39.850723,30.663456,,,,,,,
1530639474.516747,-2.728181,-1.335179,2.092655,-1.072607,-0.294349,0.395999,-0.093783,0.972370,0.213777,0.167284,0.691143,-0.578553,-5.731256,38.904236,31.980484,,,,,,,
1530639474.536716,-2.776469,-1.321540,2.035554,-1.145496,0.454697,0.314108,-0.088082,0.969096,0.230422,0.141045,0.528249,-0.352141,-5.305094,38.169014,32.679638,,,,,,,
1530639474.556685,-2.822235,-1.283345,1.982636,-2.445797,0.124177,-0.197789,-0.089010,0.958969,0.269175,0.065923,0.141479,0.255804,-5.279743,36.922043,33.690594,,,,,,,
1530639474.576654,-2.840456,-1.232827,1.962356,-2.368893,0.017812,-0.624055,-0.098346,0.943430,0.316651,-0.038662,-0.116968,-0.318543,-5.539597,35.161179,35.073212,,,,,,,
1530639474.596624,-2.831157,-1.192958,1.972123,-1.493672,-0.055021,-0.828951,-0.112693,0.929464,0.351278,-0.013162,-0.246054,-0.632055,-5.873529,33.877739,36.545349,,,,,,,
1530639474.616593,-2.814318,-1.170875,1.998799,-0.541555,-0.641669,-0.806345,-0.125161,0.921092,0.368680,0.051064,-0.312831,-0.753781,-6.085609,32.955345,37.227345,,,,,,,
1530639474.636562,-2.805928,-1.163402,2.029028,-0.030362,-1.133421,-0.597383,-0.130513,0.918156,0.374105,0.101384,-0.318959,-0.608541,-5.805525,32.416824,37.125610,,,,,,,
1530639474.656531,-2.814029,-1.158554,2.045741,-0.209206,-1.146666,-0.269830,-0.128909,0.916225,0.379361,0.151324,-0.290553,-0.339017,-5.363939,32.315125,37.455330,,,,,,,
1530639474.676500,-2.832375,-1.152935,2.044078,-0.267505,-0.635548,0.051423,-0.123492,0.913959,0.386560,0.184375,-0.290592,-0.389169,-4.499792,31.949127,37.718025,,,,,,,
1530639474.696469,-2.846426,-1.151233,2.034451,-0.046483,-0.074729,0.196293,-0.118501,0.913267,0.389744,0.167405,-0.301985,-0.516727,-4.254000,31.818390,37.557579,,,,,,,
1530639474.716438,-2.850661,-1.154826,2.028459,0.245553,0.076869,0.130278,-0.115907,0.914725,0.387097,0.139864,-0.312155,-0.592206,-4.115847,31.758789,37.062469,,,,,,,
1530639474.736407,-2.848495,-1.163055,2.028923,0.476388,0.095673,0.113885,-0.114567,0.918019,0.379626,0.201130,-0.366749,-0.571246,-4.113884,31.980301,36.917873,,,,,,,
1530639474.756377,-2.845102,-1.175562,2.028887,0.675718,0.193055,0.229787,-0.112491,0.922906,0.368225,0.271594,-0.457300,-0.522079,-4.191435,32.570251,36.699303,,,,,,,
1530639474.776346,-2.845431,-1.193908,2.025600,0.991239,0.037380,0.377744,-0.107410,0.929814,0.352007,0.303211,-0.494237,-0.552553,-3.879408,32.879921,36.062130,,,,,,,
1530639474.796315,-2.854797,-1.219854,2.021663,1.347174,-0.521930,0.466156,-0.097250,0.939049,0.329742,0.286764,-0.453575,-0.566695,-3.464033,33.623940,35.431252,,,,,,,
1530639474.816284,-2.877645,-1.251039,2.016277,1.509250,-1.102038,0.538211,-0.082008,0.949312,0.303450,0.264015,-0.345888,-0.429350,-2.565611,34.309555,34.385860,,,,,,,
1530639474.836253,-2.913223,-1.279223,2.005611,1.105585,-1.346064,0.406517,-0.065078,0.957793,0.279996,0.109725,-0.096739,-0.052060,-1.547575,34.910698,33.632782,,,,,,,
1530639474.856222,-2.928722,-1.296335,2.009474,1.017324,-0.322215,0.016580,-0.057259,0.962571,0.264910,-0.298240,0.482543,1.069517,-1.271498,35.421997,32.986488,,,,,,,
1530639474.876191,-2.877393,-1.304022,2.029891,-0.062778,2.100137,-0.303191,-0.068841,0.964626,0.254474,-0.548590,1.272892,2.764340,-2.323410,35.388397,32.731606,,,,,,,
1530639474.896161,-2.831977,-1.297471,2.051590,-0.171613,0.525696,-0.420711,-0.082247,0.962879,0.257099,-0.437834,0.905743,1.238522,-2.977932,35.259949,32.867813,,,,,,,
1530639474.916130,-2.803034,-1.294184,2.089984,0.117637,-0.787764,-0.623183,-0.090703,0.961986,0.257595,-0.338084,0.093769,0.358021,-2.927641,35.139725,32.596062,,,,,,,
1530639474.936099,-2.762850,-1.304002,2.141750,1.303952,0.005475,-0.291199,-0.097482,0.964621,0.244956,-0.128882,-0.104712,0.156579,-2.948427,35.255402,32.002029,,,,,,,
1530639474.956068,-2.652568,-1.349735,2.217486,2.923568,2.717215,0.354963,-0.103003,0.975665,0.193566,0.109976,0.257977,-0.586693,-3.997036,36.999298,29.834858,,,,,,,
1530639474.976037,-2.494421,-1.403128,2.320371,2.464144,2.650353,0.627007,-0.100619,0.985977,0.133138,0.214114,0.680894,-0.660558,-4.997881,38.384399,27.875996,,,,,,,
1530639474.996006,-2.363667,-1.428535,2.409063,0.761774,1.892092,0.050473,-0.099502,0.989898,0.101000,0.233550,0.807221,-0.472521,-5.694710,39.203674,27.104725,,,,,,,
1530639475.015975,-2.301799,-1.428083,2.439882,-0.079231,1.382961,-0.196460,-0.105890,0.989834,0.094954,0.343103,0.040562,-0.309920,-6.303968,39.125015,26.282436,,,,,,,
1530639475.035945,-2.293254,-1.424824,2.424590,-0.213338,1.064451,0.053649,-0.109116,0.989365,0.096178,0.326630,-0.457474,-0.212587,-6.774122,38.825768,26.365761,,,,,,,
1530639475.055914,-2.312425,-1.425522,2.387231,-0.143937,0.764701,0.295208,-0.106744,0.989466,0.097786,0.223061,-0.686885,-0.189461,-7.062048,38.949989,26.210255,,,,,,,
1530639475.075883,-2.352175,-1.431403,2.339594,0.040916,0.012315,0.535508,-0.098642,0.990300,0.097852,0.189859,-0.754827,-0.252256,-6.696644,38.949951,26.089752,,,,,,,
1530639475.095852,-2.421330,-1.443283,2.286089,0.268177,-1.314935,0.733760,-0.083878,0.991881,0.095583,0.231613,-0.383147,-0.363421,-5.709526,38.985428,26.217773,,,,,,,
1530639475.115821,-2.526870,-1.458637,2.217687,0.393485,-2.125842,0.819111,-0.064551,0.993717,0.091436,0.261756,0.043240,-0.295644,-4.256262,39.080086,25.962189,,,,,,,
1530639475.135790,-2.649949,-1.475707,2.137131,0.590043,-2.095706,0.762155,-0.044822,0.995482,0.083700,0.256812,0.346345,-0.228048,-2.740326,39.422768,25.573708,,,,,,,
1530639475.155759,-2.728065,-1.493651,2.096270,0.809053,-1.746556,0.387259,-0.030970,0.997026,0.070573,0.138986,0.399123,-0.190827,-1.536608,39.652729,25.045296,,,,,,,
1530639475.175729,-2.677964,-1.511857,2.176941,1.021771,-1.405130,0.012388,-0.026342,0.998264,0.052687,0.043737,0.209271,-0.152785,-0.693787,39.976009,24.458290,,,,,,,
1530639475.195698,-2.408947,-1.529863,2.470400,1.218063,-1.119282,-0.146869,-0.027369,0.999162,0.030421,0.008662,-0.018449,-0.103373,-0.262669,40.534519,23.676022,,,,,,,
1530639475.215667,-1.727139,-1.539995,-3.111304,1.361898,-0.893948,-0.173201,-0.030419,0.999526,0.004795,-0.020820,-0.170134,-0.047489,0.062954,40.883099,22.320404,,,,,,,
1530639475.235636,-0.719954,-1.526771,-2.096288,2.522491,0.228068,0.347226,-0.029017,0.999031,-0.033088,-0.068791,-0.300682,0.039206,0.254719,41.772095,20.788986,,,,,,,
1530639475.255605,-0.159995,-1.478695,-1.577914,2.508078,3.362181,0.494076,-0.014652,0.995762,-0.090798,-0.365826,-0.197086,0.930016,-0.033310,42.534901,18.641502,,,,,,,
1530639475.275574,-0.034452,-1.451184,-1.538760,0.785135,4.475726,-0.177826,-0.004110,0.992855,-0.119255,-0.492594,0.032932,0.746162,-1.190435,42.818058,17.366203,,,,,,,
1530639475.295544,-0.013225,-1.447972,-1.592771,-0.145356,3.176896,-0.362912,-0.001620,0.992467,-0.122504,-0.235303,0.057079,-0.022653,-2.464315,43.001537,17.186256,,,,,,,
1530639475.315513,-0.014709,-1.457556,-1.640562,-0.637160,1.819233,-0.202431,-0.001662,0.993595,-0.112987,-0.154390,-0.007664,-0.081517,-3.300253,42.987663,17.663681,,,,,,,
1530639475.335482,-0.004523,-1.471232,-1.653591,-0.650316,0.771169,0.022380,-0.000450,0.995048,-0.099398,-0.129418,-0.088172,-0.102201,-3.507113,42.468784,18.134628,,,,,,,
1530639475.355451,0.029485,-1.477512,-1.622783,-0.064347,-0.197306,0.203435,0.002746,0.995652,-0.093107,-0.114990,-0.155534,-0.134814,-3.480822,42.704456,18.170479,,,,,,,
1530639475.375420,0.067914,-1.471355,-1.570527,0.468647,-0.938996,0.317130,0.006737,0.995060,-0.099047,-0.094323,-0.136020,-0.097257,-3.110044,42.476795,18.167862,,,,,,,
1530639475.395389,0.109215,-1.457040,-1.503230,0.795653,-1.473423,0.480389,0.012372,0.993537,-0.112835,-0.081296,-0.061118,-0.050739,-2.237337,42.775539,17.621269,,,,,,,
1530639475.415358,0.141546,-1.436766,-1.436470,1.039476,-1.805171,0.551684,0.018851,0.991031,-0.132292,-0.089179,0.009259,-0.001665,-1.368324,43.096104,16.832741,,,,,,,
1530639475.435328,0.148578,-1.412694,-1.391581,1.193446,-1.899444,0.448211,0.023307,0.987528,-0.155709,-0.117255,0.037329,0.066430,-0.493458,43.326927,15.729149,,,,,,,
1530639475.455297,0.128247,-1.387125,-1.374498,1.270599,-1.825197,0.243905,0.023359,0.983180,-0.181140,-0.146894,0.087529,0.120028,0.338482,43.491119,14.359482,,,,,,,
1530639475.475266,0.097557,-1.361402,-1.372195,1.271307,-1.522070,0.149369,0.020247,0.978157,-0.206879,-0.154036,0.076317,0.185959,0.974770,43.946655,13.189255,,,,,,,
1530639475.495235,0.080045,-1.334537,-1.367188,1.418757,-0.825775,0.182429,0.018716,0.972220,-0.233317,-0.163659,0.012780,0.258494,1.345779,44.156994,11.920242,,,,,,,
1530639475.515204,0.081697,-1.305915,-1.369431,1.080928,1.385509,0.018741,0.021364,0.965124,-0.260921,-0.203234,0.033076,0.529598,1.415504,44.336563,10.870110,,,,,,,
1530639475.535174,0.141207,-1.314825,-1.377360,-1.124327,3.881152,-0.310246,0.035633,0.967418,-0.250666,-0.282108,0.234837,1.397104,1.099689,44.253292,11.200714,,,,,,,
1530639475.555143,0.182148,-1.346948,-1.406132,-1.679391,3.043291,-0.764581,0.040211,0.975050,-0.218312,-0.357807,0.377595,0.094838,0.061131,43.988178,12.252960,,,,,,,
1530639475.575112,0.166356,-1.386325,-1.473071,-1.900465,2.296513,-1.156255,0.030374,0.983033,-0.180894,-0.487161,0.432479,0.227113,-1.085579,43.830612,13.739197,,,,,,,
1530639475.595081,0.062303,-1.434022,-1.614472,-2.459313,1.230664,-1.526443,0.008489,0.990661,-0.136081,-0.710455,0.596100,0.723972,-2.635492,43.414986,15.380379,,,,,,,
1530639475.615050,-0.288102,-1.484542,-1.960584,-2.822078,-1.333318,-1.729074,-0.024477,0.996282,-0.082594,-0.527235,0.620798,0.355391,-3.689154,42.641811,17.780342,,,,,,,
1530639475.635019,-1.285289,-1.502853,-2.906630,-3.169262,-3.283547,-1.928913,-0.065139,0.997693,-0.019120,-0.088501,0.329898,0.070451,-4.222685,41.713108,19.923073,,,,,,,
1530639475.654988,-2.030653,-1.460688,2.702257,-2.989432,-3.837898,-1.591612,-0.098470,0.993944,0.048769,0.151280,0.060667,-0.221972,-4.210253,40.510937,22.597633,,,,,,,
1530639475.674958,-2.322236,-1.409573,2.486767,-2.435941,-3.844020,-1.051811,-0.117297,0.987032,0.109589,0.189898,0.057310,-0.498566,-3.581579,39.615391,24.883636,,,,,,,
1530639475.694927,-2.493276,-1.367385,2.382664,-2.071321,-3.126986,-0.516215,-0.121982,0.979383,0.161022,0.188129,0.353670,-0.429378,-2.440920,38.743896,26.954033,,,,,,,
1530639475.714896,-2.609448,-1.336664,2.309012,-1.434193,-1.507003,0.014355,-0.117712,0.972716,0.199917,0.188085,0.659608,-0.503048,-1.696499,38.146637,28.442421,,,,,,,
1530639475.734865,-2.667605,-1.324608,2.252349,-0.588529,0.549796,0.424019,-0.111238,0.969848,0.216841,0.259859,0.739670,-0.618529,-1.255142,37.521080,29.054478,,,,,,,
1530639475.754834,-2.735332,-1.306193,2.172725,-1.936884,0.053795,0.537385,-0.103350,0.965196,0.240240,0.425051,0.428648,0.158518,-1.075699,37.158386,29.983002,,,,,,,
1530639475.774803,-2.831495,-1.259470,2.082994,-2.846672,-0.662519,0.242727,-0.093474,0.951928,0.291711,0.220778,-0.002343,-0.041710,-0.468487,35.593498,31.437775,,,,,,,
1530639475.794773,-2.882164,-1.208547,2.039239,-2.430051,-0.309726,-0.189267,-0.090908,0.935102,0.342520,0.010159,-0.170240,-0.382712,-0.100979,34.088577,33.315052,,,,,,,
1530639475.814742,-2.887555,-1.170824,2.037384,-1.449485,-0.233345,-0.585467,-0.097860,0.921072,0.376896,-0.054453,-0.241094,-0.604465,-0.109631,33.099365,34.709171,,,,,,,
1530639475.834711,-2.877128,-1.151877,2.060383,-0.436359,-0.737262,-0.716260,-0.106328,0.913529,0.392631,-0.011882,-0.266633,-0.718010,-0.238647,32.467087,35.447968,,,,,,,
1530639475.854680,-2.869142,-1.147802,2.090928,0.128994,-1.111420,-0.593592,-0.110460,0.911864,0.395351,0.060244,-0.292296,-0.585155,-0.133568,32.463882,35.532219,,,,,,,
1530639475.874649,-2.871134,-1.148280,2.111935,0.092828,-0.949111,-0.277496,-0.109556,0.912060,0.395151,0.130476,-0.315731,-0.371957,0.334560,32.439774,35.434635,,,,,,,
1530639475.894618,-2.880690,-1.148412,2.113784,-0.004787,-0.320277,0.104062,-0.105744,0.912114,0.396063,0.185609,-0.345845,-0.365470,0.769184,32.518143,35.371643,,,,,,,
1530639475.914588,-2.890483,-1.150967,2.102758,0.130893,0.160734,0.300148,-0.101281,0.913158,0.394821,0.167092,-0.357433,-0.506485,0.863274,32.405243,35.373146,,,,,,,
1530639475.934557,-2.895309,-1.157599,2.092447,0.355646,0.223881,0.257074,-0.097896,0.915842,0.389423,0.138927,-0.353281,-0.587466,0.999786,32.441750,35.325798,,,,,,,
1530639475.954526,-2.895845,-1.168079,2.087951,0.557458,0.167905,0.200723,-0.095347,0.919999,0.380144,0.175791,-0.354600,-0.562425,0.967484,33.054237,35.435059,,,,,,,
1530639475.974495,-2.894663,-1.182797,2.085686,0.811953,0.131107,0.242051,-0.092476,0.925668,0.366860,0.230156,-0.373925,-0.533196,0.956406,33.459541,34.614769,,,,,,,
1530639475.994464,-2.896201,-1.205114,2.085888,1.254356,-0.287607,0.268750,-0.086870,0.933880,0.346873,0.232134,-0.375149,-0.597254,1.106304,34.319321,33.930691,,,,,,,
1530639476.014433,-2.903236,-1.235983,2.093344,1.673156,-0.927800,0.237468,-0.077582,0.944472,0.319301,0.194114,-0.329863,-0.580821,1.823341,35.051224,32.854122,,,,,,,
1530639476.034403,-2.916109,-1.271155,2.102526,1.692717,-1.098145,0.286047,-0.065995,0.955442,0.287704,0.179993,-0.232115,-0.319077,2.699032,36.040329,31.482704,,,,,,,
1530639476.054372,-2.923170,-1.295550,2.112023,0.820679,-0.509422,-0.040465,-0.058893,0.962358,0.265327,-0.057425,0.080397,0.299401,2.833023,36.893318,30.735676,,,,,,,
1530639476.074341,-2.865127,-1.314229,2.149544,1.117127,2.248944,-0.326924,-0.069266,0.967267,0.244126,-0.464288,0.804813,1.786727,1.813957,37.376282,30.098827,,,,,,,
1530639476.094310,-2.790990,-1.318829,2.180975,-0.156329,1.401084,-0.259192,-0.085629,0.968424,0.234143,-0.382862,1.268194,2.193774,0.721165,37.317871,30.212292,,,,,,,
1530639476.114279,-2.802299,-1.307244,2.182277,-0.636475,-1.686824,-0.199938,-0.086704,0.965471,0.245660,-0.210843,0.736785,0.808356,1.264198,37.045097,30.602894,,,,,,,
1530639476.134248,-2.843325,-1.301755,2.184148,0.192868,-1.966347,-0.046194,-0.078111,0.964026,0.254071,-0.063811,0.473153,0.398258,1.985470,37.166702,30.582096,,,,,,,
1530639476.154218,-2.815038,-1.325682,2.209502,1.856108,1.825089,0.109662,-0.077843,0.970110,0.229843,0.056633,0.477263,0.119629,1.630730,37.789886,29.252686,,,,,,,
1530639476.174187,-2.684650,-1.369762,2.273241,2.340686,3.834699,0.176741,-0.088101,0.979861,0.179197,0.151425,0.365247,-0.542814,-0.131737,39.150154,27.690285,,,,,,,
1530639476.194156,-2.507866,-1.400770,2.381938,1.475840,3.119135,-0.228405,-0.100197,0.985580,0.136352,0.159095,0.326813,-0.473998,-1.783524,40.058521,26.846485,,,,,,,
1530639476.214125,-2.352800,-1.411452,2.489535,0.743510,2.064429,-0.286077,-0.112577,0.987331,0.111815,0.292051,-0.280056,-0.382842,-2.992735,40.363007,26.020947,,,,,,,
1530639476.234094,-2.275253,-1.416564,2.538445,0.303620,1.117255,0.055934,-0.117053,0.988130,0.099487,0.320376,-0.681977,-0.303482,-3.709681,40.513035,25.794540,,,,,,,
1530639476.254063,-2.266152,-1.421189,2.536163,0.060980,0.222882,0.255894,-0.114443,0.988830,0.095489,0.205309,-0.748244,-0.264114,-3.800608,40.688877,25.383644,,,,,,,
1530639476.274033,-2.307578,-1.427275,2.502405,-0.009890,-0.797592,0.484689,-0.105931,0.989718,0.096101,0.176488,-0.672229,-0.320497,-3.344437,40.724930,25.272144,,,,,,,
1530639476.294002,-2.409465,-1.435401,2.426720,-0.136882,-1.618669,0.775447,-0.090228,0.990848,0.100392,0.190417,-0.301944,-0.352711,-2.028967,40.432072,25.478596,,,,,,,
1530639476.313971,-2.579763,-1.443669,2.292625,-0.198696,-1.979211,1.034285,-0.067542,0.991930,0.107294,0.185355,0.130949,-0.387537,-0.569168,40.513702,25.910061,,,,,,,
1530639476.333940,-2.780059,-1.452226,2.131215,0.057047,-2.000384,1.050871,-0.041840,0.992979,0.110643,0.133423,0.444811,-0.424562,1.208542,40.382942,25.466347,,,,,,,
1530639476.353909,-2.943981,-1.463339,2.005438,0.515210,-1.910728,0.675408,-0.021056,0.994232,0.105161,0.036009,0.372193,-0.367627,2.696491,40.484493,25.228756,,,,,,,
1530639476.373878,-3.039453,-1.479844,1.944333,0.905327,-1.621103,0.280059,-0.009260,0.995867,0.090349,0.000990,0.157911,-0.236696,3.466454,40.746902,24.543587,,,,,,,
1530639476.393848,-3.069015,-1.501542,1.943230,1.180165,-1.327854,0.004598,-0.005017,0.997603,0.069010,-0.017520,0.018037,-0.151316,4.103661,41.208405,23.485886,,,,,,,
1530639476.413817,-3.014573,-1.527865,2.021991,1.422464,-1.168001,-0.135267,-0.005435,0.999079,0.042560,-0.026852,-0.058817,-0.129108,4.495987,41.607700,22.292053,,,,,,,
1530639476.433786,-2.503339,-1.556642,2.554498,1.650552,-0.978826,-0.204734,-0.008409,0.999900,0.011335,-0.051940,-0.093482,-0.083875,4.824516,41.981579,20.824249,,,,,,,
1530639476.453755,-0.259559,-1.535414,-1.487878,2.946229,1.973374,0.165619,-0.009075,0.999374,-0.034173,-0.107045,-0.145446,0.165948,4.801205,42.908150,18.915863,,,,,,,
1530639476.473724,0.006256,-1.490521,-1.326539,1.592728,6.397137,0.016964,0.000502,0.996780,-0.080184,-0.379683,-0.038924,1.462203,3.134598,43.720333,17.789520,,,,,,,
1530639476.493693,0.073447,-1.480336,-1.387332,-0.012479,5.967778,-0.395092,0.006629,0.995911,-0.090092,-0.177695,0.032318,0.427754,1.071644,43.767666,17.911491,,,,,,,
1530639476.513663,0.048924,-1.492229,-1.505689,-0.812673,3.863127,-0.591915,0.003838,0.996915,-0.078391,-0.085961,0.064257,-0.145349,-0.749634,43.806217,18.574249,,,,,,,
1530639476.533632,-0.036089,-1.510369,-1.642557,-0.768123,1.762857,-0.344755,-0.002179,0.998175,-0.060350,-0.047717,-0.060125,-0.220168,-1.789513,43.394413,19.093857,,,,,,,
1530639476.553601,-0.028704,-1.514795,-1.641797,0.016630,-0.434519,0.180934,-0.001606,0.998432,-0.055945,-0.034694,-0.153980,-0.313546,-1.839251,43.308094,19.175880,,,,,,,
1530639476.573570,0.039765,-1.512282,-1.546773,0.155434,-1.765580,0.295988,0.002325,0.998289,-0.058431,-0.065115,-0.073575,-0.188426,-1.338324,43.438789,19.087608,,,,,,,
1530639476.593539,0.090099,-1.507343,-1.450063,0.285442,-2.597036,0.319711,0.005705,0.997988,-0.063151,-0.047652,-0.041979,-0.146291,-0.196915,43.469826,18.682205,,,,,,,
1530639476.613509,0.118460,-1.498309,-1.363680,0.504421,-3.032290,0.354105,0.008559,0.997374,-0.071916,-0.031325,-0.041838,-0.094527,0.835976,43.344269,18.373650,,,,,,,
1530639476.633478,0.132324,-1.484477,-1.287691,0.735791,-3.106666,0.403048,0.011374,0.996277,-0.085456,-0.020316,-0.038681,-0.031197,1.963051,43.844761,17.871017,,,,,,,
1530639476.653447,0.134653,-1.465848,-1.224771,0.972594,-2.949021,0.422852,0.014063,0.994498,-0.103804,-0.027307,-0.004813,0.012450,3.143726,43.928864,16.751106,,,,,,,
1530639476.673416,0.122188,-1.442873,-1.182152,1.181714,-2.602030,0.360819,0.015549,0.991829,-0.126621,-0.048828,0.027824,0.058475,4.254314,43.947746,15.494759,,,,,,,
1530639476.693385,0.096895,-1.416634,-1.161874,1.345193,-2.054756,0.232292,0.014855,0.988140,-0.152830,-0.077996,0.028934,0.114454,4.990326,44.516659,14.246040,,,,,,,
1530639476.713354,0.066734,-1.388403,-1.160138,1.433447,-1.302961,0.064570,0.012095,0.983412,-0.180979,-0.116405,0.073167,0.178232,5.428463,44.536259,12.462563,,,,,,,
1530639476.733323,0.051790,-1.354301,-1.167527,2.048743,0.432264,0.054512,0.011120,0.976656,-0.214520,-0.153057,0.066984,0.293209,5.393204,44.838932,11.102898,,,,,,,
1530639476.753293,0.120552,-1.308802,-1.164799,1.722086,5.820395,0.242523,0.031148,0.965875,-0.257128,-0.234548,0.009650,1.193971,5.140472,45.199532,9.606209,,,,,,,
1530639476.773262,0.280910,-1.307021,-1.163786,-0.633141,8.340151,-0.214172,0.072282,0.965413,-0.250508,-0.228760,0.146343,1.269001,4.180161,45.028961,10.160995,,,,,,,
1530639476.793231,0.408155,-1.333177,-1.183870,-1.358573,6.538513,-0.971168,0.093430,0.971901,-0.216053,-0.302216,0.351967,0.010288,2.640743,44.775723,11.684937,,,,,,,
1530639476.813200,0.455091,-1.374017,-1.230809,-1.718855,3.193824,-1.459082,0.085936,0.980701,-0.175613,-0.384658,0.422878,-0.033753,0.514568,44.847885,13.343536,,,,,,,
1530639476.833169,0.394246,-1.415222,-1.295216,-1.748408,-1.528590,-1.318684,0.059517,0.987923,-0.143061,-0.489128,0.513756,-0.093832,-0.581509,44.377178,14.620636,,,,,,,
1530639476.853138,0.236861,-1.461210,-1.381428,-2.069334,-4.628846,-1.237459,0.025663,0.994001,-0.106313,-0.521818,0.596895,-0.040797,-0.784008,43.737854,16.281219,,,,,,,
1530639476.873108,-0.161258,-1.503551,-1.672541,-2.116222,-5.627114,-1.507090,-0.010788,0.997740,-0.066319,-0.425934,0.496935,0.213291,-0.303894,43.366016,17.760323,,,,,,,
1530639476.893077,-1.311446,-1.524198,-2.718141,-2.886141,-4.990852,-1.369625,-0.045020,0.998915,-0.011945,0.094230,0.167330,0.474103,0.109634,42.960487,19.328979,,,,,,,
1530639476.913046,-2.290019,-1.486059,2.672656,-3.203177,-4.052794,-0.836483,-0.063672,0.996412,0.055757,0.205243,-0.021116,0.068755,0.823372,41.592609,21.724892,,,,,,,
1530639476.933015,-2.620720,-1.430494,2.410535,-2.948133,-3.228388,-0.497647,-0.069591,0.990174,0.121297,0.135829,-0.043732,-0.271978,1.787777,40.524170,23.811401,,,,,,,
1530639476.952984,-2.766649,-1.382805,2.311503,-2.145679,-1.708563,-0.177478,-0.068441,0.982382,0.173902,0.157873,0.037867,-0.449583,2.689083,39.654808,25.331890,,,,,,,
1530639476.972953,-2.817282,-1.356509,2.258989,-0.980888,1.161035,0.171229,-0.067762,0.977128,0.201566,0.162626,0.254683,-0.567441,2.900234,39.026299,26.338921,,,,,,,
1530639476.992923,-2.803647,-1.347097,2.219545,-0.503743,3.209216,0.248273,-0.073550,0.975083,0.209291,0.188022,0.340239,-0.561174,2.009796,38.800255,27.155792,,,,,,,
1530639477.012892,-2.760257,-1.334420,2.196733,-0.825607,3.124828,-0.144514,-0.087153,0.972193,0.217359,0.197916,0.241232,-0.493909,0.578724,38.630699,27.818302,,,,,,,
1530639477.032861,-2.769500,-1.295829,2.159270,-2.711860,-0.021437,-0.359593,-0.098713,0.962434,0.252934,0.313542,0.014403,0.108317,-0.397175,37.927498,29.018051,,,,,,,
1530639477.052830,-2.845756,-1.234491,2.117708,-3.110211,-2.696649,-0.439432,-0.096209,0.943980,0.315666,0.061663,-0.078761,-0.361915,0.050446,36.375359,30.889946,,,,,,,
1530639477.072799,-2.930690,-1.183350,2.102351,-2.061028,-3.882147,-0.345248,-0.079095,0.925877,0.369453,-0.033469,-0.130162,-0.624718,1.931759,34.841927,32.506363,,,,,,,
1530639477.092769,-3.002033,-1.162484,2.107413,-0.427757,-3.543082,-0.286608,-0.055234,0.917792,0.393200,-0.148959,-0.067817,-0.572048,3.737053,34.464188,33.288589,,,,,,,
1530639477.112738,-3.032216,-1.162611,2.127872,0.182732,-1.664164,-0.482506,-0.043330,0.917843,0.394573,-0.225683,0.036488,-0.175395,5.224461,34.531609,33.059940,,,,,,,
1530639477.132707,-3.017383,-1.162618,2.152466,-0.070789,0.251975,-0.432816,-0.049177,0.917846,0.393880,-0.069262,0.039567,-0.063176,5.538849,34.571495,32.875729,,,,,,,
1530639477.152676,-2.993082,-1.156472,2.162028,-0.389264,0.929808,-0.102594,-0.059567,0.915388,0.398140,0.142605,-0.080656,-0.259377,4.999470,34.525429,32.980530,,,,,,,
1530639477.172645,-2.982198,-1.146849,2.156902,-0.519592,0.585334,0.070777,-0.065291,0.911472,0.406147,0.164123,-0.177906,-0.414326,4.559933,34.392464,33.309494,,,,,,,
1530639477.192614,-2.985356,-1.137897,2.151374,-0.403609,-0.209123,0.012857,-0.065276,0.907753,0.414395,0.134489,-0.230965,-0.501401,4.437626,34.334137,33.612740,,,,,,,
1530639477.212584,-2.997096,-1.132618,2.149459,-0.164360,-0.606552,0.004080,-0.061095,0.905526,0.419869,0.200332,-0.303857,-0.403817,4.586430,34.245834,33.602203,,,,,,,
1530639477.232553,-3.009415,-1.135176,2.149049,0.325086,-0.549535,0.036883,-0.055613,0.906608,0.418292,0.230937,-0.357246,-0.390918,4.979488,34.238403,33.436619,,,,,,,
1530639477.252522,-3.015108,-1.149650,2.151168,0.965665,-0.269431,0.048658,-0.051570,0.912621,0.405541,0.204371,-0.382210,-0.455071,5.351875,34.748848,32.753796,,,,,,,
1530639477.272491,-3.011236,-1.175942,2.158201,1.502877,-0.063993,0.007252,-0.050003,0.923053,0.381410,0.154236,-0.357059,-0.442353,5.415070,35.820961,31.630257,,,,,,,
1530639477.292460,-2.997763,-1.209770,2.172165,1.801010,0.094062,-0.035070,-0.050630,0.935535,0.349587,0.112825,-0.282489,-0.348885,5.436920,36.586113,30.304520,,,,,,,
1530639477.312429,-2.975735,-1.245657,2.190177,1.793561,0.353439,-0.028349,-0.052739,0.947606,0.315057,0.079869,-0.146062,-0.143213,5.088383,37.556221,29.121094,,,,,,,
1530639477.332399,-2.940999,-1.279483,2.217150,1.735750,0.475686,-0.143625,-0.057227,0.957867,0.281452,-0.074090,0.121875,0.076702,4.908112,38.262619,27.461853,,,,,,,
1530639477.352368,-2.892457,-1.312814,2.258666,1.635496,0.391056,-0.192573,-0.062906,0.966907,0.247252,-0.261297,0.474026,0.627153,4.641808,39.292603,26.511539,,,,,,,
1530639477.372337,-2.860163,-1.328657,2.292440,0.302800,-0.503808,-0.189147,-0.066594,0.970827,0.230347,-0.297191,0.748457,1.427871,4.520020,39.637199,25.994232,,,,,,,
1530639477.392306,-2.877567,-1.320033,2.305911,-0.616426,-1.989464,-0.336426,-0.064758,0.968723,0.239544,-0.155701,0.584210,1.153797,4.889965,39.662994,25.990215,,,,,,,
1530639477.412275,-2.904364,-1.305987,2.319295,-0.583046,-1.762177,-0.320590,-0.061508,0.965142,0.254396,-0.060379,0.162436,0.638747,5.626537,39.708733,26.154221,,,,,,,
1530639477.432244,-2.904177,-1.300469,2.336478,0.095737,-0.145524,-0.268258,-0.062807,0.963684,0.259556,-0.074110,-0.353881,0.309765,5.695763,39.874943,25.915409,,,,,,,
1530639477.452214,-2.851712,-1.317127,2.367565,1.464576,1.889609,-0.102635,-0.071733,0.967998,0.240486,-0.077010,-0.380992,-0.023704,4.918190,40.658024,25.291821,,,,,,,
1530639477.472183,-2.720019,-1.358554,2.443169,2.551920,3.279223,-0.122630,-0.086198,0.977561,0.192209,-0.032195,0.126687,-0.502313,3.883675,41.480972,23.530727,,,,,,,
1530639477.492152,-2.513835,-1.400336,2.590768,2.339690,2.741038,-0.188751,-0.099633,0.985507,0.137295,0.067925,0.526365,-0.568203,2.446098,42.795509,21.750221,,,,,,,
1530639477.512121,-2.320486,-1.422988,2.747572,1.190413,1.439721,-0.163357,-0.107788,0.989096,0.100352,0.193512,0.763406,-0.548473,1.646862,43.267895,20.812439,,,,,,,
1530639477.532090,-2.245620,-1.428848,2.809870,0.250653,0.203509,0.015423,-0.110463,0.989942,0.088385,0.289525,0.434130,-0.357520,1.559124,43.822372,20.449104,,,,,,,
1530639477.552060,-2.348815,-1.421795,2.738995,-1.787666,-3.929572,-0.045329,-0.105741,0.988920,0.104192,0.190763,-0.171003,0.128718,2.555286,43.486851,21.231888,,,,,,,
1530639477.572029,-2.617379,-1.390314,2.581225,-1.268982,-5.907111,0.310615,-0.089846,0.983757,0.155398,0.125537,-0.674126,0.319929,4.608505,43.061848,21.877502,,,,,,,
1530639477.591998,-2.760045,-1.404117,2.531170,1.080290,-3.912780,0.742767,-0.061777,0.986141,0.153977,0.200693,-0.485042,-0.163681,6.819660,43.402447,20.700684,,,,,,,
1530639477.611967,-2.852481,-1.432239,2.494772,1.227911,-2.160818,0.729154,-0.039376,0.990416,0.132381,0.107675,-0.128432,-0.128323,8.291210,43.659775,19.464920,,,,,,,
1530639477.631936,-2.958493,-1.455347,2.412520,0.823296,-0.742654,0.801780,-0.020974,0.993343,0.113267,0.080422,0.022648,-0.151414,9.518852,43.760128,18.183411,,,,,,,
1530639477.651905,-3.088095,-1.467003,2.286228,0.323916,0.062008,0.679401,-0.005540,0.994618,0.103459,0.056092,0.171351,-0.246998,10.040146,44.012913,18.106392,,,,,,,
1530639477.671875,3.121136,-1.470226,2.206912,0.093756,0.287138,0.221340,0.002054,0.994947,0.100380,-0.000207,0.214419,-0.342965,10.263596,44.040226,17.835129,,,,,,,
1530639477.691844,3.122408,-1.474180,2.204851,0.307003,0.045156,-0.075461,0.001851,0.995336,0.096447,0.014278,0.118571,-0.418026,10.146606,44.446869,17.692856,,,,,,,
1530639477.711813,3.137642,-1.485590,2.225752,0.719417,-0.469245,-0.098521,0.000336,0.996372,0.085099,0.009353,-0.004871,-0.442353,10.252956,44.586365,17.100403,,,,,,,
1530639477.731782,3.134350,-1.503414,2.235376,0.968218,-0.702959,0.003399,0.000488,0.997731,0.067325,-0.015914,-0.072529,-0.301791,10.399799,44.803806,16.039177,,,,,,,
1530639477.751751,3.074030,-1.523830,2.188770,1.043667,-0.659755,0.137617,0.003169,0.998897,0.046834,-0.046641,-0.095028,-0.193105,10.723412,45.233967,15.015991,,,,,,,
1530639477.771721,2.872357,-1.544556,1.998412,1.099970,-0.499952,0.173376,0.006976,0.999656,0.025280,-0.106616,-0.081244,-0.136318,11.031200,45.300804,13.969185,,,,,,,
1530639477.791690,1.784938,-1.560974,0.917231,1.186722,-0.187980,0.072579,0.009577,0.999952,0.002083,-0.163126,-0.087293,-0.071022,11.138252,45.655556,12.720222,,,,,,,
1530639477.811659,0.362637,-1.546800,-0.507914,1.255467,0.390832,-0.142149,0.008510,0.999712,-0.022429,-0.218272,-0.071856,0.022093,11.174206,45.839920,11.832817,,,,,,,
1530639477.831628,0.159182,-1.515898,-0.774260,1.717687,5.355856,-0.106954,0.008697,0.998493,-0.054176,-0.319000,-0.052220,1.020240,10.441345,46.089996,11.185547,,,,,,,
1530639477.851597,0.171893,-1.491118,-0.892743,0.992899,6.813162,-0.251820,0.013615,0.996827,-0.078422,-0.183125,0.025008,0.443138,9.223156,46.379780,11.378281,,,,,,,
1530639477.871567,0.210852,-1.482974,-0.980728,0.150419,5.877703,-0.307746,0.018357,0.996146,-0.085768,-0.108659,0.015390,0.181425,7.920647,46.662300,12.073898,,,,,,,
1530639477.891536,0.243823,-1.484730,-1.037555,0.070223,3.401899,-0.185090,0.020752,0.996299,-0.083417,-0.076355,0.021463,0.101239,6.987480,46.726963,12.789787,,,,,,,
1530639477.911505,0.249852,-1.479684,-1.055787,0.285949,-0.017626,0.064667,0.022497,0.995852,-0.088160,-0.108816,-0.001208,-0.237294,6.751400,46.692944,12.836891,,,,,,,
1530639477.931474,0.240118,-1.476532,-1.035595,0.029765,-2.202834,0.157167,0.022384,0.995560,-0.091422,-0.108001,-0.047227,-0.186120,7.169548,46.874912,12.313919,,,,,,,
1530639477.951443,0.223256,-1.476916,-0.993400,-0.085742,-3.283846,0.202797,0.020754,0.995596,-0.091412,-0.076601,-0.051199,-0.103290,7.879623,46.990345,11.803825,,,,,,,
1530639477.971412,0.192617,-1.476491,-0.951852,0.041415,-3.726408,0.180975,0.018026,0.995557,-0.092423,-0.064565,-0.002972,-0.057067,8.717602,46.873417,11.177490,,,,,,,
1530639477.991382,0.135450,-1.471868,-0.933460,0.350621,-3.745618,0.070808,0.013337,0.995111,-0.097864,-0.052385,0.031394,-0.006400,9.400623,47.070904,10.408806,,,,,,,
1530639478.011351,0.037015,-1.453416,-0.965825,1.408767,-2.892877,-0.213548,0.004334,0.993119,-0.117030,-0.046875,0.053619,0.064052,9.790668,47.270428,8.556618,,,,,,,
1530639478.031320,-0.046469,-1.412844,-1.008015,2.248362,-1.672549,-0.325548,-0.007307,0.987551,-0.157127,-0.010546,0.058286,0.167564,9.693886,47.488354,6.518761,,,,,,,
1530639478.051289,-0.082407,-1.368003,-1.021739,2.121370,-0.640047,-0.209198,-0.016579,0.979508,-0.200722,-0.007744,0.056564,0.248910,9.734901,47.607960,4.057938,,,,,,,
1530639478.071258,-0.015895,-1.351420,-1.000997,0.036934,3.631761,0.419263,-0.003459,0.976033,-0.217593,0.147624,-0.079839,1.904513,9.746479,47.718212,3.629158,,,,,,,
1530639478.091228,0.090759,-1.363684,-0.968777,-0.814171,3.396784,0.117669,0.018638,0.978629,-0.204789,-0.061240,-0.061209,0.421646,10.002201,47.646610,4.749199,,,,,,,
1530639478.111197,0.117932,-1.382354,-0.984942,-0.977324,1.337193,-0.399583,0.022041,0.982297,-0.186028,-0.251777,0.132891,-0.089180,9.767334,47.903843,5.955139,,,,,,,
1530639478.131166,0.089720,-1.404694,-1.009139,-1.143000,-1.201973,-0.209454,0.014814,0.986237,-0.164674,-0.207441,0.452164,-0.208495,9.419899,48.147675,7.073441,,,,,,,
1530639478.151135,0.091056,-1.426369,-0.949103,-1.031373,-3.962373,0.830837,0.013087,0.989588,-0.143329,-0.128001,0.673955,-0.297894,10.105057,47.791340,7.537209,,,,,,,
1530639478.171104,0.228128,-1.431860,-0.692558,-0.214225,-6.920189,2.289745,0.031320,0.990364,-0.134901,-0.017129,0.544060,-0.352831,12.019962,47.606033,6.668930,,,,,,,
1530639478.191074,0.462062,-1.401707,-0.284609,0.423401,-8.965700,4.008424,0.075020,0.985738,-0.150637,0.192726,0.414469,-0.232114,15.496536,46.369286,4.239426,,,,,,,
1530639478.211043,0.840276,-1.383808,0.226273,-3.394811,-4.886587,4.169118,0.138464,0.982569,-0.124043,-0.163030,0.085531,2.088414,19.166073,45.090904,3.328674,,,,,,,
1530639478.231012,1.333565,-1.356660,0.822383,-4.934445,-4.921333,3.679540,0.206552,0.977160,-0.049941,-0.109109,0.286695,0.394835,22.749966,43.356670,4.549965,,,,,,,
1530639478.250981,1.615048,-1.295715,1.227922,-4.203987,-5.637177,3.239049,0.271359,0.962403,0.012016,-0.052335,0.478484,-0.307853,26.017876,41.384052,5.576378,,,,,,,
1530639478.270950,1.726243,-1.236497,1.421038,-2.517528,-2.126885,2.225258,0.324151,0.944640,0.050798,-0.241875,0.331620,-0.344850,28.503490,39.368866,5.991943,,,,,,,
1530639478.290920,1.814112,-1.202401,1.495934,-1.052638,2.719867,0.958196,0.349511,0.932906,0.086760,-0.247292,0.076249,-0.341567,29.917126,38.274483,7.175056,,,,,,,
1530639478.310889,1.937391,-1.198013,1.512355,0.018850,6.816713,-0.399959,0.340007,0.931317,0.130546,-0.110194,-0.134717,-0.338401,29.669998,37.989288,10.355667,,,,,,,
1530639478.330858,2.110200,-1.224589,1.520509,0.678518,8.804008,-1.743407,0.291150,0.940667,0.174288,0.097720,-0.331398,-0.368319,27.513363,38.797760,14.621033,,,,,,,
1530639478.350827,2.332331,-1.273370,1.570553,0.917512,8.457651,-2.751729,0.212110,0.956094,0.202221,0.306476,-0.407754,-0.454021,23.511127,40.186413,18.419220,,,,,,,
1530639478.370796,2.619178,-1.321678,1.715993,0.492922,6.487527,-3.103993,0.123021,0.969130,0.213662,0.449947,-0.444457,-0.460564,18.609108,41.985779,21.316948,,,,,,,
1530639478.390766,2.916059,-1.343872,1.927152,-0.141636,3.240422,-2.365467,0.050312,0.974363,0.219283,0.703152,-0.437208,-0.669036,14.431065,43.323479,22.941940,,,,,,,
1530639478.410735,3.056353,-1.321983,2.057159,-1.837806,-1.135749,-0.653634,0.020965,0.969205,0.245360,0.640976,-0.631650,-1.004286,12.657097,43.344383,24.187366,,,,,,,
1530639478.430704,2.961269,-1.274638,2.033239,-2.438233,-4.760942,1.439490,0.052342,0.956465,0.287116,0.429820,-0.459089,-1.144080,13.857685,42.252804,25.194515,,,,,,,
1530639478.450673,2.751645,-1.220924,1.935994,-1.900476,-6.318579,2.532808,0.130303,0.939416,0.317045,0.216285,0.116187,-0.922331,17.795692,40.694904,25.271393,,,,,,,
1530639478.470642,2.539981,-1.169369,1.851437,-1.352960,-6.678598,2.527386,0.221144,0.920504,0.322129,0.002794,0.535062,-0.540361,22.506378,38.860680,23.899532,,,,,,,
1530639478.490612,2.378528,-1.124034,1.809408,-1.167755,-5.718612,1.781545,0.298605,0.901851,0.312249,-0.161352,0.543645,-0.187524,26.669559,37.139977,21.619431,,,,,,,
1530639478.510581,2.294624,-1.087524,1.815893,-1.587084,-3.592029,0.939922,0.348172,0.885479,0.307736,-0.276776,0.284321,0.148715,30.203541,35.317841,19.168144,,,,,,,
1530639478.530550,2.330444,-1.045073,1.879942,-3.385602,0.984168,0.320043,0.363872,0.864961,0.345599,-0.352123,0.075819,0.939725,30.360306,34.016273,21.179459,,,,,,,
1530639478.550519,2.423328,-1.005100,1.946112,-1.498038,1.243667,0.059576,0.352732,0.844216,0.403582,-0.121958,-0.217812,0.403532,29.888115,33.214996,23.205818,,,,,,,
1530639478.570488,2.441403,-0.999595,1.951275,0.285549,0.473362,0.101552,0.348369,0.841252,0.413439,-0.027278,-0.460408,0.101102,29.831131,33.144745,23.538654,,,,,,,
1530639478.590458,2.427037,-1.010913,1.929320,1.020241,0.028700,0.035490,0.348011,0.847317,0.401175,-0.021885,-0.354992,-0.030416,29.737354,33.555557,22.848053,,,,,,,
1530639478.610427,2.402600,-1.027391,1.904684,0.985672,-0.234246,-0.091601,0.348258,0.855953,0.382178,0.000024,-0.152157,-0.087470,29.995491,33.589729,22.231903,,,,,,,
1530639478.630396,2.367667,-1.032223,1.890021,0.318391,-1.365591,0.234696,0.358499,0.858441,0.366820,0.275504,-0.241101,-0.686645,30.198971,33.819466,21.367088,,,,,,,
1530639478.650365,2.330162,-1.037552,1.864839,0.880616,-0.286728,0.319106,0.368678,0.861162,0.349965,0.346883,0.161222,-0.488164,30.614685,34.140381,20.489471,,,,,,,
1530639478.670334,2.280628,-1.046912,1.805131,1.829425,-0.037955,0.855921,0.379423,0.865883,0.326014,0.440264,0.245629,-0.312785,31.272717,34.095901,19.437431,,,,,,,
1530639478.690304,2.151757,-1.064258,1.694786,3.225121,-2.762306,0.932519,0.405557,0.874429,0.266265,0.233588,0.349432,-0.464950,32.321499,34.293930,16.206139,,,,,,,
1530639478.710273,1.929529,-1.088668,1.536732,4.288300,-4.530432,0.352897,0.434150,0.886010,0.162787,0.088570,0.389625,-0.192099,33.414455,34.745872,11.228920,,,,,,,
1530639478.730242,1.881369,-1.106131,1.453106,0.617475,3.586444,-0.557818,0.426685,0.893972,0.136948,-0.208332,0.248317,3.328811,32.913113,35.188881,11.492233,,,,,,,
1530639478.750211,1.961769,-1.124718,1.480239,-0.498803,1.466107,-1.344541,0.398874,0.902146,0.164413,-0.004221,0.069366,0.527451,31.921680,35.808441,12.926781,,,,,,,
1530639478.770180,1.999105,-1.150775,1.535883,-0.462768,-1.503593,-1.961062,0.370944,0.913080,0.169364,0.395016,0.168081,0.139474,30.709541,36.752312,12.796738,,,,,,,
1530639478.790150,2.015079,-1.190684,1.587057,0.192725,-1.358428,-2.231588,0.335005,0.928623,0.159470,0.492067,0.186703,0.040176,29.547947,38.093193,11.870583,,,,,,,
1530639478.810119,2.021335,-1.228058,1.618125,0.305871,-1.184357,-1.707794,0.302532,0.941838,0.146341,0.163502,-0.043309,0.057440,28.375477,39.545910,10.939720,,,,,,,
1530639478.830088,2.033274,-1.260884,1.657349,0.078272,-1.257401,-1.829749,0.272938,0.952360,0.136070,-0.008381,-0.193342,-0.049934,27.309612,40.615749,10.152184,,,,,,,
1530639478.850057,2.047916,-1.291636,1.699637,0.299924,-1.230898,-1.362827,0.244776,0.961287,0.126538,0.003469,-0.329772,-0.264829,26.357670,41.288673,9.228172,,,,,,,
1530639478.870027,2.022338,-1.311524,1.688643,0.721574,-0.292289,-0.625090,0.230682,0.966577,0.111871,0.031311,-0.387445,-0.171854,25.790890,41.881752,8.296944,,,,,,,
1530639478.889996,2.002862,-1.329919,1.650784,0.833695,1.606662,-0.661345,0.216632,0.971129,0.099894,-0.059741,-0.119902,0.070638,25.361496,41.956814,8.071312,,,,,,,
1530639478.909965,1.999705,-1.346044,1.599241,0.910388,2.576804,-0.316671,0.202677,0.974849,0.092684,0.017126,-0.159740,-0.075167,24.564732,42.811943,8.540169,,,,,,,
1530639478.929934,1.967871,-1.354282,1.520662,0.962546,1.980979,0.117778,0.198112,0.976652,0.083078,0.061425,-0.021666,-0.383371,24.338768,42.871120,8.787369,,,,,,,
1530639478.949903,1.918345,-1.354990,1.433886,0.791622,1.798189,0.378643,0.201332,0.976804,0.072933,-0.110511,0.187457,-0.163814,24.467983,43.007206,9.202507,,,,,,,
1530639478.969873,1.899545,-1.352091,1.367689,0.560852,2.647265,0.365788,0.205347,0.976179,0.070050,-0.296961,0.201922,0.140964,24.290894,42.933331,9.732574,,,,,,,
1530639478.989842,1.896690,-1.348702,1.297502,0.820072,3.628012,0.445405,0.208679,0.975438,0.070522,-0.279373,0.004740,0.160405,24.346123,42.565460,10.923820,,,,,,,
1530639479.009811,1.865678,-1.348336,1.194086,1.107786,2.941056,0.158612,0.211107,0.975358,0.064121,-0.142916,-0.169968,-0.036793,23.860264,42.707668,11.615211,,,,,,,
1530639479.029780,1.820407,-1.362882,1.120537,0.846310,0.489115,-0.766092,0.200023,0.978464,0.050991,-0.152553,0.325949,-0.107723,23.293941,43.219223,11.702911,,,,,,,
1530639479.049749,1.768979,-1.381283,1.078461,0.468687,-0.970694,-0.845679,0.184693,0.982096,0.037090,0.044875,0.139074,0.024876,22.865761,43.726318,10.742622,,,,,,,
1530639479.069719,1.727323,-1.404811,1.062379,0.293839,-1.392808,-1.255692,0.163204,0.986256,0.025757,-0.027584,0.223705,0.087860,21.919224,44.470745,9.775070,,,,,,,
1530639479.089688,1.674311,-1.429601,1.033149,0.464559,-1.028691,-1.238497,0.139972,0.990049,0.014541,-0.040561,0.262805,-0.008880,21.140007,45.030483,9.102165,,,,,,,
1530639479.109657,1.605433,-1.461235,0.980024,0.350239,-0.728100,-1.758915,0.109276,0.994004,0.003786,-0.168297,0.339492,-0.043993,19.906857,45.787388,8.345734,,,,,,,
1530639479.129626,1.536435,-1.502498,0.916999,0.272442,-0.030196,-2.267020,0.068204,0.997669,-0.002344,-0.142743,0.298154,-0.002645,18.255302,46.590130,7.959549,,,,,,,
1530639479.149595,1.161837,-1.550796,0.540430,0.273481,0.130351,-2.655601,0.018344,0.999800,-0.007950,-0.061282,0.336260,-0.077865,16.036228,47.548874,7.838799,,,,,,,
1530639479.169565,-1.314213,-1.527679,-1.939438,0.024057,0.212519,-3.191807,-0.041695,0.999071,-0.010939,0.009468,0.355803,-0.026857,13.298733,48.495895,7.419029,,,,,,,
1530639479.189534,-1.510662,-1.460590,-2.141805,-0.393649,0.309990,-3.538479,-0.109785,0.993933,-0.006610,0.100111,0.373452,0.001056,10.140106,49.624767,7.464043,,,,,,,
1530639479.209503,-1.583185,-1.389032,-2.221313,-0.504454,0.295974,-3.581584,-0.180751,0.983526,0.002239,0.177333,0.423654,-0.073925,6.552670,50.491947,7.933929,,,,,,,
1530639479.229472,-1.606442,-1.319980,-2.250163,-0.272396,0.268982,-3.360938,-0.248036,0.968710,0.008845,0.219029,0.539621,-0.134806,3.329445,50.892742,8.401512,,,,,,,
1530639479.249441,-1.601123,-1.257061,-2.248635,-0.003041,0.162306,-2.953402,-0.308471,0.951187,0.009358,0.272704,0.577667,-0.151356,0.380688,51.119812,8.576981,,,,,,,
1530639479.269411,-1.588479,-1.207337,-2.237128,0.208687,0.131202,-2.296834,-0.355453,0.934673,0.006286,0.153045,0.355687,-0.099502,-2.040821,51.480316,8.350685,,,,,,,
1530639479.289380,-1.571669,-1.161193,-2.222046,0.280432,0.064198,-2.348612,-0.398245,0.917279,0.000348,0.028280,0.238635,0.033206,-4.446409,51.546879,8.231575,,,,,,,
1530639479.309349,-1.570238,-1.112680,-2.213944,0.036465,-0.521900,-2.508461,-0.442258,0.896887,-0.000247,0.007413,0.241571,0.048709,-6.516912,51.434593,8.076881,,,,,,,
1530639479.329318,-1.592571,-1.057733,-2.221077,-0.319043,-0.891207,-2.883933,-0.490732,0.871245,0.010687,-0.117987,0.194170,0.123667,-9.212162,51.180305,8.257484,,,,,,,
1530639479.349288,-1.610371,-1.001152,-2.235516,-0.542682,0.119317,-2.617826,-0.538910,0.842093,0.021338,0.246613,-0.076392,0.046411,-11.859077,50.700336,8.786049,,,,,,,
1530639479.369257,-1.610575,-0.958362,-2.250137,-0.417889,0.766465,-1.862151,-0.574407,0.818251,0.022861,0.541417,-0.032042,-0.204563,-14.085320,50.548771,9.316826,,,,,,,
1530639479.389226,-1.585428,-0.927973,-2.246809,0.401611,1.323053,-1.293354,-0.599394,0.800406,0.008771,0.461958,0.010186,-0.077924,-15.561356,50.020241,8.784485,,,,,,,
1530639479.409195,-1.529059,-0.910043,-2.218953,0.950288,1.876188,-0.691485,-0.613177,0.789530,-0.025608,0.621921,-0.350504,0.143711,-16.755367,50.150398,7.567940,,,,,,,
1530639479.429164,-1.474168,-0.900036,-2.194555,0.725563,1.859866,-0.395814,-0.618682,0.783349,-0.059969,0.344344,0.031134,0.187990,-17.362957,50.032909,6.518265,,,,,,,
1530639479.449134,-1.409663,-0.892157,-2.171082,0.799048,2.728161,-0.169150,-0.619603,0.778427,-0.100712,0.240498,-0.205994,0.356556,-17.923346,49.984417,5.023987,,,,,,,
1530639479.469103,-1.313980,-0.886260,-2.139215,1.321831,4.067952,-0.141303,-0.611576,0.774712,-0.160609,0.175922,-0.085717,0.302241,-18.216228,50.049458,3.066849,,,,,,,
1530639479.489072,-1.176982,-0.874992,-2.087375,1.919116,5.269068,0.141771,-0.591935,0.767539,-0.245961,0.209016,-0.067588,0.266866,-18.035135,50.488026,0.002899,,,,,,,
1530639479.509041,-1.016653,-0.864616,-2.024129,2.054868,5.717448,0.586833,-0.551821,0.760846,-0.341478,-0.056791,-0.270490,0.365632,-17.220917,50.527317,-3.945465,,,,,,,
1530639479.529010,-0.871148,-0.852376,-1.971563,1.422145,4.937404,0.395689,-0.503566,0.752846,-0.423844,-0.326268,-0.266930,0.169786,-15.906334,50.398373,-7.352913,,,,,,,
1530639479.548980,-0.757611,-0.838802,-1.946783,0.899443,4.810240,-0.187147,-0.459285,0.743843,-0.485546,-0.613865,-0.259819,0.200527,-14.734903,50.436954,-9.730499,,,,,,,
1530639479.568949,-0.666027,-0.814515,-1.967713,0.153543,5.654757,-2.229703,-0.423994,0.727393,-0.539564,-1.325427,-0.053763,0.363477,-14.431904,49.873249,-11.507996,,,,,,,
1530639479.588919,-0.606004,-0.778496,-2.044239,-0.196032,5.761296,-3.731080,-0.405529,0.702209,-0.585191,-1.258899,-0.298706,0.007096,-15.267975,49.253704,-13.282829,,,,,,,
1530639479.608888,-0.565965,-0.729079,-2.146832,0.181056,5.342420,-4.954774,-0.399914,0.666183,-0.629499,-1.028446,-0.295624,-0.353457,-17.364199,48.138149,-15.031837,,,,,,,
1530639479.628857,-0.536639,-0.660525,-2.260389,0.899835,5.002317,-5.772970,-0.403719,0.613532,-0.678667,-0.652281,-0.233710,-0.451688,-20.321388,46.519161,-17.231438,,,,,,,
1530639479.648827,-0.508209,-0.582475,-2.371554,1.197548,4.479674,-5.875735,-0.406373,0.550092,-0.729561,-0.229445,-0.257200,-0.420738,-23.009476,43.573513,-20.102867,,,,,,,
1530639479.668796,-0.479520,-0.503692,-2.478133,1.372387,4.012121,-5.957506,-0.404056,0.482662,-0.777030,0.098300,-0.102459,-0.343270,-25.310816,40.677731,-23.227859,,,,,,,
1530639479.688765,-0.452456,-0.423664,-2.578840,1.660744,3.406279,-5.682007,-0.398525,0.411103,-0.819861,0.418147,-0.103471,-0.314203,-27.535957,37.358978,-26.153923,,,,,,,
1530639479.708734,-0.424000,-0.346584,-2.665817,1.812341,2.851331,-5.097429,-0.386946,0.339687,-0.857254,0.584883,-0.113033,-0.138595,-29.137850,33.458084,-29.124786,,,,,,,
1530639479.728703,-0.396129,-0.274041,-2.741481,1.928760,2.428188,-4.574393,-0.371452,0.270624,-0.888136,0.637611,0.013037,-0.019868,-29.946301,29.793457,-31.825615,,,,,,,
1530639479.748673,-0.364212,-0.206530,-2.804854,1.997276,2.375646,-3.844136,-0.348643,0.205064,-0.914547,0.659785,0.046400,0.084805,-30.194241,26.044968,-34.261543,,,,,,,
1530639479.768642,-0.324995,-0.147809,-2.852012,1.939645,2.363063,-2.820065,-0.315823,0.147272,-0.937319,0.606640,0.048849,0.139818,-29.895021,22.742462,-36.571068,,,,,,,
1530639479.788611,-0.283356,-0.097240,-2.884735,1.917142,2.256633,-2.114984,-0.278259,0.097087,-0.955587,0.434936,0.112920,0.130483,-29.010641,20.092552,-38.821342,,,,,,,
1530639479.808580,-0.240730,-0.050884,-2.911137,1.877825,2.212473,-1.793382,-0.238103,0.050863,-0.969907,0.247914,0.176005,0.126249,-22.085485,14.441696,-43.142303,,,,,,,
1530639479.828549,-0.198328,-0.007701,-2.936200,1.807443,2.125381,-1.647449,-0.197024,0.007701,-0.980368,0.134921,0.173802,0.127387,-20.515387,11.981270,-44.613235,,,,,,,
1530639479.848519,-0.159433,0.031440,-2.962049,1.632150,1.800691,-1.619105,-0.158680,-0.031435,-0.986830,0.069172,0.234956,0.132078,-19.125694,9.687645,-46.038727,,,,,,,
1530639479.868488,-0.122464,0.067226,-2.990330,1.560428,1.837689,-1.697972,-0.121882,-0.067176,-0.990269,-0.000433,0.291053,0.184712,-17.521610,7.600266,-46.984726,,,,,,,
1530639479.888457,-0.085948,0.100041,-3.020615,1.437264,1.638589,-1.635062,-0.085413,-0.099875,-0.991327,-0.124853,0.272879,0.081156,-15.950876,5.640015,-47.971359,,,,,,,
1530639479.908426,-0.051312,0.129688,-3.049695,1.338694,1.487576,-1.503159,-0.050859,-0.129324,-0.990297,-0.113234,0.236395,0.119005,-14.618246,3.809402,-48.693542,,,,,,,
1530639479.928395,-0.020697,0.155848,-3.077913,1.219417,1.247363,-1.401663,-0.020445,-0.155218,-0.987669,-0.145388,0.239034,0.148878,-13.330711,2.024200,-49.305588,,,,,,,
1530639479.948365,0.003495,0.178913,-3.103924,1.090320,0.799258,-1.248219,0.003439,-0.177960,-0.984032,-0.180594,0.200726,0.148643,-12.432603,0.726151,-49.212372,,,,,,,
1530639479.968334,0.016849,0.197598,-3.126894,0.840584,0.237431,-1.086485,0.016521,-0.196315,-0.980402,-0.196727,0.137690,0.153482,-12.057970,-0.613594,-49.564819,,,,,,,
1530639479.988303,0.020553,0.208585,3.135966,0.380440,-0.130790,-0.975501,0.020107,-0.207076,-0.978118,-0.162853,0.066878,0.182525,-11.814047,-1.518112,-49.631210,,,,,,,
1530639480.008272,0.028318,0.213272,3.114702,0.336119,0.464780,-1.213748,0.027673,-0.211659,-0.976952,-0.285791,0.118580,0.078285,-11.573496,-1.979568,-49.705582,,,,,,,
1530639480.028242,0.039354,0.214609,3.090007,-0.023188,0.254552,-1.126802,0.038441,-0.212965,-0.976303,-0.196934,0.126280,0.002792,-11.170626,-2.452438,-49.610718,,,,,,,
1530639480.048211,0.056125,0.212882,3.074096,-0.117528,0.856109,-0.632172,0.054829,-0.211278,-0.975887,-0.142857,0.167623,0.123684,-10.426178,-2.600021,-49.728958,,,,,,,
1530639480.068180,0.066933,0.204223,3.066837,-0.506041,0.158435,-0.294891,0.065493,-0.202807,-0.977026,-0.109682,0.074999,-0.039026,-10.118748,-2.176239,-50.143600,,,,,,,
1530639480.088149,0.068509,0.194253,3.063463,-0.459625,0.102558,-0.198589,0.067168,-0.193034,-0.978890,-0.138350,0.144862,0.054879,-9.857586,-1.761757,-50.204224,,,,,,,
1530639480.108118,0.075388,0.185986,3.061688,-0.376545,0.405470,-0.106340,0.074018,-0.184916,-0.979963,-0.158124,0.146494,0.094160,-9.531721,-1.582924,-50.396500,,,,,,,
1530639480.128087,0.084216,0.179189,3.061975,-0.315482,0.457762,-0.008594,0.082770,-0.178231,-0.980501,-0.146201,0.079766,0.051516,-9.155220,-1.053703,-50.637466,,,,,,,
1530639480.148057,0.093310,0.173219,3.063722,-0.309653,0.449638,0.048466,0.091780,-0.172354,-0.980750,-0.109465,0.065253,0.083762,-8.785892,-0.828819,-50.475510,,,,,,,
1530639480.168026,0.097903,0.166238,3.065561,-0.378478,0.059136,0.010647,0.096399,-0.165474,-0.981492,-0.052545,0.034965,0.014130,-8.523619,-0.605354,-50.732208,,,,,,,
1530639480.187995,0.093322,0.159129,3.065784,-0.292555,-0.339744,-0.100048,0.092010,-0.158458,-0.983069,-0.047240,0.039806,-0.057336,-8.930323,0.078278,-50.546432,,,,,,,
1530639480.207964,0.085929,0.152999,3.063110,-0.291491,-0.406194,-0.228720,0.084821,-0.152403,-0.984672,-0.103879,0.077788,0.006034,-9.255367,0.374168,-50.603012,,,,,,,
1530639480.227933,0.076203,0.145754,3.058836,-0.338187,-0.541564,-0.286037,0.075322,-0.145239,-0.986525,-0.091298,0.040792,-0.031907,-9.661003,0.521202,-50.340103,,,,,,,
1530639480.247903,0.065902,0.138750,3.053409,-0.305187,-0.558825,-0.345790,0.065222,-0.138305,-0.988240,-0.046454,0.002410,-0.042461,-10.073429,0.635010,-50.303909,,,,,,,
1530639480.267872,0.055759,0.132589,3.047096,-0.263203,-0.516851,-0.351428,0.055241,-0.132201,-0.989682,-0.027302,-0.018205,-0.026263,-10.826996,0.962181,-49.971741,,,,,,,
1530639480.287841,0.047853,0.126973,3.041560,-0.207041,-0.356064,-0.298405,0.047450,-0.126632,-0.990814,-0.031215,-0.041886,0.003174,-11.141991,1.251274,-49.826721,,,,,,,
1530639480.307810,0.042007,0.122690,3.037043,-0.163503,-0.286948,-0.238141,0.041679,-0.122382,-0.991608,-0.018501,-0.044793,0.014404,-11.488956,1.266312,-49.906784,,,,,,,
1530639480.327779,0.035936,0.120218,3.033977,-0.090799,-0.340564,-0.150737,0.035669,-0.119928,-0.992142,-0.004876,-0.027029,0.006561,-11.686846,1.406113,-49.738815,,,,,,,
1530639480.347749,0.029782,0.119280,3.032477,-0.047323,-0.295794,-0.081956,0.029566,-0.118998,-0.992454,-0.007578,-0.002661,0.006645,-11.992516,1.223320,-49.555664,,,,,,,
1530639480.367718,0.024953,0.119381,3.031547,-0.004452,-0.202064,-0.069019,0.024773,-0.119098,-0.992573,-0.034859,0.004138,-0.001064,-12.160183,1.383156,-49.663071,,,,,,,
1530639480.387687,0.021887,0.120530,3.031100,0.050840,-0.154850,-0.034866,0.021726,-0.120239,-0.992507,-0.055784,-0.002762,-0.012849,-12.257608,1.262260,-49.333572,,,,,,,
1530639480.407656,0.018426,0.123460,3.031050,0.171347,-0.185879,-0.023361,0.018285,-0.123146,-0.992220,-0.052282,-0.018226,-0.039793,-12.694872,1.117317,-49.377945,,,,,,,
1530639480.427625,0.015032,0.127736,3.030956,0.219690,-0.160412,-0.036696,0.014909,-0.127389,-0.991741,-0.052155,0.000359,-0.002018,-12.624318,0.860878,-49.256104,,,,,,,
1530639480.447595,0.013003,0.131504,3.030730,0.183963,-0.061091,-0.030445,0.012891,-0.131126,-0.991282,-0.031674,-0.002877,0.026530,-12.751656,0.818840,-49.238617,,,,,,,
1530639480.467564,0.012316,0.134630,3.030816,0.159741,-0.010381,-0.019157,0.012204,-0.134224,-0.990876,-0.044477,-0.018318,0.038865,-12.693649,0.649178,-49.345673,,,,,,,
1530639480.487533,0.012284,0.137284,3.030972,0.115730,0.020576,-0.023932,0.012168,-0.136853,-0.990517,-0.040152,-0.028613,0.038795,-12.741391,0.483925,-49.461258,,,,,,,
1530639480.507502,0.012366,0.139123,3.030948,0.088536,0.010707,-0.032315,0.012246,-0.138675,-0.990262,-0.024270,-0.025296,0.020459,-12.765480,0.403587,-49.312515,,,,,,,
1530639480.527471,0.013153,0.140054,3.030752,0.022548,0.071519,-0.043180,0.013024,-0.139596,-0.990123,-0.039528,-0.028723,0.044887,-12.840401,0.348076,-49.160782,,,,,,,
1530639480.547441,0.015471,0.139376,3.030272,-0.078024,0.161072,-0.057856,0.015320,-0.138925,-0.990184,-0.043167,-0.031806,0.045101,-12.565451,0.167351,-49.156036,,,,,,,
1530639480.567410,0.020290,0.136689,3.029574,-0.179647,0.280428,-0.072371,0.020099,-0.136264,-0.990469,-0.051456,-0.030987,0.045522,-12.271105,0.232918,-49.185135,,,,,,,
1530639480.587378,0.026968,0.132614,3.028561,-0.221460,0.362260,-0.090945,0.026728,-0.132226,-0.990859,-0.052073,-0.026801,0.004195,-12.117975,0.593704,-49.335327,,,,,,,
1530639480.607347,0.034749,0.129282,3.027307,-0.135423,0.385457,-0.097142,0.034452,-0.128923,-0.991056,-0.050367,-0.011031,-0.026110,-11.683006,0.568367,-49.576828,,,,,,,
1530639480.627316,0.041234,0.129547,3.025800,0.128006,0.244228,-0.120047,0.040876,-0.129185,-0.990778,-0.036299,-0.015697,-0.039358,-11.249168,0.350952,-49.396103,,,,,,,
1530639480.647286,0.038955,0.135034,3.023234,0.287671,-0.299922,-0.139472,0.038591,-0.134624,-0.990145,0.020888,-0.030247,-0.062650,-11.323452,0.233871,-49.813660,,,,,,,
1530639480.667255,0.030318,0.139732,3.021958,0.176946,-0.484793,-0.059373,0.030017,-0.139278,-0.989798,-0.006244,-0.012074,0.010977,-11.872025,-0.093460,-49.494965,,,,,,,
1530639480.687224,0.020616,0.141881,3.021563,0.067761,-0.449531,-0.045097,0.020407,-0.141406,-0.989741,-0.044822,-0.035871,-0.013204,-12.252100,0.051720,-49.537918,,,,,,,
1530639480.707193,0.013527,0.141428,3.021537,-0.069906,-0.263142,-0.013606,0.013392,-0.140957,-0.989925,-0.057673,-0.040363,-0.023762,-12.670268,-0.004471,-49.330994,,,,,,,
1530639480.727162,0.011784,0.138582,3.022168,-0.182367,-0.012689,0.011450,0.011670,-0.138139,-0.990344,-0.054624,-0.047729,0.004748,-12.720876,0.227386,-49.508331,,,,,,,
